20
287
190 185 185 190 195 185 190 180 185 190 175 180 185 190 180 175 180 195 185 180
19 21 17 6 6 19 17 19 2 3 24 5 9 20 19 20 4 3 2 23 6 17 17 3 16 15 23 15 12 19 23 10 23 22 4 5 1 11 20 25 18 4 10 17 7 4 3 12 13 24 16 2 7 15 12 15 17 16 1 9 4 3 1 4 6 1 19 1 2 25 4 4 13 18 9 5 12 22 9 11 6 19 10 1 10 20 18 1 11 20 12 17 16 3 14 12 9 1 7 7 5 9 15 4 10 21 2 6 1 23 24 16 18 1 1 21 8 22 23 11 15 14 16 25 12 9 20 22 13 24 13 4 22 18 25 19 8 13 1 1 5 2 22 3 2 6 19 5 25 9 20 11 18 25 22 25 14 21 1 9 2 2 4 15 11 15 15 16 14 25 9 23 16 10 4 25 20 5 19 2 13 19 2 16 2 6 3 20 13 9 5 15 22 18 21 16 22 23 1 1 13 14 18 5 24 11 5 1 21 6 6 5 23 16 18 10 9 18 22 24 15 6 12 19 19 17 22 25 11 23 10 17 6 20 6 4 25 7 11 14 14 15 2 14 17 24 10 20 11 16 3 11 10 18 20 24 16 2 14 10 22 14 15 7 20 1 24 22 23 20 15 14 12 4 15 12 8 2 24 5 8 21 5 16 8 24 23
0 70 149 184 157 33 117 114 69 123 127 20 60 53 152 47 140 96 37 86 14 16 84 159 139 31 172 89 38 26 189 191 24 51 157 38 23 135 105 88 131 122 212 145 16 24 15 192 138 85 126 23 161 151 60 151 80 97 170 100 109 79 83 77 71 123 135 78 117 224 199 109 66 56 133 41 107 59 185 65 29 96 85 34 187 114 56 42 218 116 57 180 32 128 59 70 50 34 67 138 109 34 86 149 95 33 76 14 126 143 128 125 61 122 183 53 131 105 179 149 31 34 35 58 93 70 68 31 28 50 114 33 69 82 126 168 61 52 30 130 27 208 38 127 86 139 126 117 56 81 64 152 121 4 89 132 203 240 66 119 14 17 15 18 145 33 28 86 115 85 156 102 147 78 48 103 123 62 128 108 83 28 86 141 130 153 142 71 53 99 75 17 153 123 32 18 47 113 37 104 25 141 100 147 79 97 66 72 91 54 83 77 129 33 28 68 147 123 31 119 135 192 67 146 31 211 99 31 53 45 145 77 164 52 172 62 73 43 103 219 21 143 84 86 135 25 129 135 72 58 129 33 97 147 143 123 153 194 26 164 71 154 161 104 114 148 35 101 147 51 47 132 75 70 171 130 95 39 51 121 110 131 174 153 120 60 48 88 
70 0 78 113 86 103 51 77 77 53 56 80 18 94 81 27 69 25 74 81 79 81 13 93 70 46 101 52 32 91 118 120 82 116 86 39 72 64 43 18 80 187 141 76 81 45 70 123 69 20 55 49 91 80 47 86 9 27 106 52 38 9 26 7 3 53 65 142 71 154 129 58 13 67 63 92 50 76 115 124 77 25 23 83 117 46 66 44 148 77 98 110 102 64 38 1 30 63 43 68 39 60 100 88 87 72 17 72 56 136 58 80 17 52 113 93 61 36 148 79 95 95 44 122 27 4 41 95 54 41 81 98 28 37 55 114 68 43 76 87 90 138 100 56 19 68 91 46 120 65 12 82 51 74 24 62 133 170 119 53 84 53 68 88 74 51 76 24 96 19 85 45 77 23 55 35 53 55 59 40 14 88 20 71 63 85 71 28 82 32 14 73 82 68 58 52 109 43 60 69 89 71 30 77 118 33 38 29 21 37 15 140 88 101 82 80 77 56 39 63 65 122 19 78 54 146 33 75 40 108 75 18 94 22 102 23 4 30 37 149 48 73 89 55 65 60 59 105 29 11 62 59 38 77 73 70 82 125 52 94 63 84 93 44 54 81 56 31 77 54 112 62 60 4 152 74 44 101 50 51 43 61 104 83 53 113 107 29 
149 78 0 35 36 181 119 69 155 57 22 130 96 96 26 101 11 52 111 73 144 151 64 100 59 124 36 58 110 129 39 41 124 109 49 117 150 13 42 59 72 179 63 47 147 123 133 46 15 83 49 127 12 10 87 92 68 50 97 47 45 68 104 70 75 23 16 134 65 76 51 50 89 90 24 106 43 88 37 118 117 51 61 113 43 37 90 105 70 71 91 31 180 88 88 76 107 113 79 8 37 113 93 79 80 113 71 132 20 130 17 72 94 23 35 94 24 41 141 33 130 114 121 141 52 77 77 127 118 96 75 148 76 114 20 106 85 93 115 80 167 79 111 35 59 11 84 29 113 65 81 19 24 151 63 13 55 92 112 43 161 129 131 165 32 111 117 58 90 67 32 43 1 99 96 41 22 132 17 38 62 120 67 12 50 32 41 73 159 46 69 150 55 61 112 127 105 32 137 61 144 29 46 14 111 95 114 105 54 89 61 133 81 175 117 78 2 43 113 55 11 44 76 54 130 153 53 113 90 121 8 66 18 97 30 81 72 100 59 72 123 8 81 130 11 119 17 98 72 86 50 110 48 14 10 63 70 63 127 17 74 8 45 41 46 60 108 43 11 93 158 14 70 74 145 66 50 118 92 33 35 15 27 8 34 107 102 56 
184 113 35 0 28 216 154 82 190 61 57 165 131 131 33 136 44 87 146 97 179 186 99 89 71 159 25 93 145 164 12 14 159 134 37 152 185 48 77 94 84 191 59 59 182 158 168 56 44 118 58 162 21 31 122 82 103 84 109 82 74 103 139 105 110 58 47 146 78 49 37 73 124 125 47 141 75 123 11 131 152 85 95 148 31 68 125 139 36 84 125 12 215 122 122 111 142 147 114 42 71 147 106 91 94 148 105 167 54 142 51 85 128 58 28 129 51 75 154 46 165 148 156 175 87 111 112 161 152 130 88 182 111 149 54 118 119 128 150 92 202 90 145 55 94 42 96 63 140 100 116 32 58 186 97 47 21 62 126 63 196 164 166 200 37 146 152 93 102 101 27 78 32 134 131 75 56 167 51 73 96 154 101 40 63 45 40 108 194 80 104 185 44 74 147 162 140 66 172 79 179 40 80 33 125 129 149 140 88 124 95 148 93 210 152 113 32 59 148 70 44 20 111 66 165 142 87 148 125 155 35 101 16 132 19 116 106 135 93 39 158 36 99 165 44 154 51 110 107 121 64 145 82 33 37 76 59 74 162 16 108 25 57 75 66 72 143 77 32 127 193 47 104 108 157 80 84 152 127 58 69 48 19 25 59 125 136 90 
157 86 36 28 0 189 126 105 163 32 58 137 104 123 9 109 24 59 118 109 151 158 71 64 95 132 15 80 117 137 37 39 131 144 13 124 158 26 71 66 108 215 84 82 154 130 140 81 50 90 29 134 27 24 95 57 75 57 133 80 46 75 111 77 82 32 51 170 99 74 43 86 96 99 21 121 78 104 35 152 125 59 69 122 31 72 99 112 62 105 126 25 187 94 96 83 114 121 88 34 45 121 128 115 115 122 79 141 40 164 40 108 101 32 53 122 59 55 176 68 139 127 128 154 61 84 86 136 125 104 109 156 85 121 29 141 98 102 124 115 174 115 129 28 67 24 119 37 148 94 89 54 44 159 70 35 49 87 147 78 169 137 139 172 9 120 126 67 124 74 3 73 33 107 105 55 31 139 36 66 71 129 74 47 85 67 12 82 166 60 78 157 20 96 121 135 138 40 144 96 153 12 54 20 146 102 122 112 62 98 70 168 116 184 126 108 32 78 122 90 25 38 85 89 138 118 60 122 99 138 43 75 26 106 18 90 80 109 66 65 132 42 116 138 26 128 46 133 81 94 85 119 66 48 44 98 35 97 136 32 92 40 80 71 81 95 117 52 46 102 167 23 89 83 180 101 72 133 101 32 64 24 42 30 69 142 135 65 
33 103 181 216 189 0 147 147 100 156 159 53 90 86 184 80 172 128 70 119 38 31 116 189 172 62 204 122 71 52 220 222 57 83 189 69 54 167 138 121 164 108 244 178 34 57 48 225 171 115 158 54 193 183 93 181 112 130 203 133 141 112 113 110 104 156 168 110 150 257 232 142 97 89 166 74 140 92 218 98 62 128 118 67 220 147 89 75 251 149 90 212 28 158 92 103 81 67 100 171 142 67 119 182 128 66 109 47 159 176 161 158 91 155 216 86 164 138 212 182 50 66 66 40 126 103 101 53 61 83 147 33 102 112 158 201 94 85 63 163 58 241 70 159 119 171 159 149 77 114 97 185 154 33 120 165 236 273 98 152 19 50 48 24 177 66 61 119 148 116 188 135 180 109 81 136 156 93 161 141 116 60 117 174 163 186 174 104 84 132 108 47 185 156 65 51 76 146 68 137 34 174 133 180 112 128 97 103 124 87 116 78 162 3 61 101 180 156 64 152 168 225 100 179 62 241 130 64 86 60 178 110 197 83 205 95 106 76 133 252 54 176 117 117 168 58 162 168 105 91 162 66 130 180 176 156 185 227 57 197 104 187 194 137 147 181 68 134 180 84 21 165 108 103 204 163 128 61 84 154 143 164 207 186 153 92 79 121 
117 51 119 154 126 147 0 128 47 93 96 131 55 145 122 77 109 65 124 131 129 131 53 112 119 83 141 102 76 141 158 160 132 166 126 76 93 104 94 58 131 237 181 116 131 91 120 163 109 34 95 91 131 120 97 77 49 67 157 103 78 48 32 52 54 93 105 192 122 194 169 109 48 117 103 142 101 126 155 175 127 65 74 133 157 96 116 93 188 128 148 150 119 30 89 50 64 112 94 108 79 109 151 139 138 122 68 122 96 187 98 131 53 92 153 143 101 80 199 119 145 145 78 172 78 47 92 145 103 91 132 147 79 33 95 165 118 93 126 138 89 178 150 96 70 108 142 86 170 116 63 122 91 112 53 102 173 210 169 103 128 99 118 122 114 101 126 75 147 49 125 96 117 36 105 78 93 52 99 91 63 138 49 111 110 125 111 79 62 82 65 99 122 119 108 100 159 83 78 120 139 111 70 117 169 21 48 41 61 88 64 190 139 147 132 131 117 104 83 114 105 162 70 119 83 96 63 125 91 158 115 69 134 62 142 74 52 80 58 189 93 113 140 28 105 110 99 156 80 59 111 109 89 117 113 121 122 165 87 134 114 124 133 95 105 123 106 71 117 105 161 102 111 55 203 125 95 151 101 91 90 101 144 123 96 164 157 80 
114 77 69 82 105 147 128 0 121 126 46 94 72 60 95 66 80 78 75 26 108 115 79 169 25 90 105 25 75 94 75 77 88 63 118 82 116 77 32 73 17 109 98 32 111 89 98 79 53 97 118 92 76 79 52 161 85 67 57 23 114 85 95 75 73 74 52 65 4 111 118 18 79 55 93 71 25 53 73 49 82 88 52 78 112 31 55 70 111 3 54 94 145 140 53 77 74 78 45 69 71 78 25 36 16 79 58 98 63 61 63 12 73 74 70 58 44 48 73 36 95 79 88 106 47 80 44 92 83 62 6 113 48 94 81 55 50 60 81 18 134 95 75 104 55 79 16 86 69 30 63 50 58 117 99 67 91 127 47 24 127 95 97 131 100 78 83 50 21 95 100 29 70 91 63 50 74 99 66 36 62 85 96 56 19 42 109 47 126 44 61 117 124 11 79 93 69 86 104 7 111 98 97 83 43 108 82 85 69 57 60 69 17 142 84 43 71 24 81 12 77 101 55 33 98 222 107 80 58 85 60 56 79 66 99 52 73 68 113 110 91 60 26 101 75 86 56 30 46 66 18 78 36 54 58 10 139 82 95 71 40 62 49 30 22 36 76 61 56 60 124 80 35 70 77 17 30 83 58 100 36 79 64 72 33 52 65 45 
69 77 155 190 163 100 47 121 0 130 133 84 58 98 158 54 146 102 79 94 83 85 90 150 146 37 178 96 45 95 194 196 87 120 163 38 45 141 112 95 138 191 218 152 85 45 74 199 145 71 132 45 167 157 68 115 86 104 177 107 115 85 50 84 78 130 142 147 124 231 206 116 64 71 140 96 114 80 192 130 81 102 93 87 194 121 71 49 225 124 102 186 72 68 66 77 46 67 74 145 116 64 105 156 104 77 83 76 133 152 135 133 59 129 190 98 138 112 188 156 99 100 33 126 100 76 75 99 57 57 122 102 76 39 132 176 73 59 81 138 42 215 105 133 93 145 134 123 124 90 71 159 128 66 90 139 210 247 124 126 82 53 72 75 151 55 80 93 124 86 162 111 154 53 60 110 130 21 135 115 90 93 86 148 137 160 148 78 16 106 82 51 159 131 62 54 114 120 31 112 93 148 107 154 123 59 38 47 98 61 90 145 137 101 86 86 154 130 38 126 142 199 75 153 37 143 100 79 60 113 152 84 171 54 179 69 80 50 95 226 47 150 96 21 142 64 136 143 79 65 136 63 104 154 150 130 159 201 42 171 79 161 168 112 122 155 60 108 154 61 116 139 83 77 179 137 102 106 60 128 118 138 181 160 128 118 111 95 
123 53 57 61 32 156 93 126 130 0 79 131 71 145 31 78 46 49 125 130 130 132 49 43 116 99 47 102 85 142 65 67 133 166 33 92 125 48 93 54 129 235 106 104 132 98 121 103 72 58 8 102 49 46 98 35 43 59 154 102 14 43 79 52 54 52 73 191 121 102 75 107 65 118 33 143 100 126 63 174 128 39 73 134 63 94 116 95 94 127 148 57 155 62 89 51 83 114 93 56 56 111 150 136 137 123 68 123 62 186 62 129 69 52 75 144 81 77 198 90 146 146 97 173 78 52 91 146 105 92 131 149 79 90 44 163 118 94 127 137 143 136 151 22 69 46 141 38 170 115 63 76 66 127 38 57 81 118 169 100 137 105 119 141 25 102 127 74 146 42 34 95 55 75 106 76 50 108 58 88 63 139 42 69 107 89 20 79 135 81 65 126 31 118 109 104 160 39 113 118 140 27 28 42 168 70 90 81 56 88 64 190 138 153 133 130 54 100 91 112 47 70 70 111 107 96 28 126 91 159 65 69 48 74 50 74 52 81 34 97 101 64 138 107 48 111 68 155 80 62 107 110 88 70 66 120 31 119 105 54 114 62 102 93 103 117 107 63 68 105 163 44 111 55 202 123 94 152 101 24 86 45 64 52 91 164 157 79 
127 56 22 57 58 159 96 46 133 79 0 107 74 73 48 79 33 32 88 50 121 128 42 122 37 102 58 36 88 107 61 63 101 86 71 95 128 30 20 37 50 155 85 25 124 101 111 67 13 61 71 105 34 32 65 114 46 27 75 25 67 46 82 48 53 27 10 111 42 98 73 28 67 68 46 84 21 66 59 95 95 42 39 91 65 15 68 83 92 48 69 53 158 93 66 54 85 91 57 22 25 91 70 57 58 91 49 110 17 107 17 50 72 27 57 71 6 20 119 24 108 92 99 119 31 55 56 105 96 74 52 126 55 92 34 84 63 72 94 58 145 84 88 57 37 33 62 40 91 42 59 27 13 129 54 21 77 114 90 22 139 108 110 143 54 90 95 37 67 50 54 21 23 78 75 21 28 110 20 16 41 98 51 16 28 30 63 52 137 25 48 128 77 39 91 106 83 40 115 40 123 51 52 36 89 73 93 83 32 68 40 112 59 154 96 56 24 22 92 34 31 66 55 34 109 175 62 92 69 98 20 45 40 76 52 60 50 79 68 94 102 20 60 109 29 98 10 76 51 65 29 89 27 23 18 41 92 70 106 39 52 29 38 19 24 40 87 23 22 72 137 34 47 53 123 45 28 95 70 54 13 33 49 30 13 85 80 35 
20 80 130 165 137 53 131 94 84 131 107 0 75 32 132 52 120 81 17 66 14 21 81 173 119 46 152 69 53 11 168 170 5 35 137 53 37 115 85 76 111 106 192 125 18 37 8 172 118 100 122 37 141 131 40 166 87 78 150 80 116 87 98 78 76 104 115 62 97 204 180 89 81 36 114 22 87 39 165 46 10 91 65 15 167 94 36 35 199 96 37 160 51 142 41 80 65 16 47 119 89 18 66 129 75 13 61 6 106 123 108 105 76 102 163 33 111 85 159 129 16 16 50 43 73 83 48 16 24 37 94 20 51 97 106 148 41 36 11 110 42 188 21 109 67 119 106 98 41 61 65 132 101 24 102 112 183 220 46 99 33 28 9 37 125 26 9 66 95 98 136 82 127 93 30 83 103 77 108 88 67 10 99 121 110 133 123 53 67 79 64 30 135 103 19 27 31 96 51 84 19 122 101 127 59 112 80 87 74 40 66 62 109 49 9 48 127 103 44 99 115 172 57 126 45 225 111 12 37 30 125 60 144 65 152 54 77 48 116 199 34 123 64 100 115 17 109 115 54 68 109 18 77 127 123 103 143 174 40 144 51 134 141 84 94 128 20 81 127 32 34 112 55 73 151 110 75 23 33 106 90 111 154 133 100 41 30 69 
60 18 96 131 104 90 55 72 58 71 74 75 0 89 99 22 87 43 69 76 74 76 31 98 88 28 118 47 21 86 135 137 77 110 104 21 54 82 54 36 80 181 159 94 76 36 65 141 87 24 73 36 108 98 42 90 27 45 119 49 56 27 23 25 19 71 83 137 68 172 146 58 6 62 81 87 56 71 133 121 72 43 34 78 134 63 61 38 165 74 93 127 84 68 34 18 12 57 38 86 57 54 96 98 83 67 24 67 74 133 76 77 1 70 131 88 79 54 145 97 90 90 26 117 42 18 37 90 48 36 78 92 24 22 73 118 63 38 71 84 72 156 95 74 35 86 88 64 115 61 13 100 69 57 32 80 151 188 114 68 73 44 63 70 92 46 71 35 93 28 103 53 95 18 50 52 71 37 77 57 31 83 28 89 79 102 89 25 64 48 24 55 100 73 53 45 104 61 42 65 84 89 48 95 114 37 20 13 39 33 32 135 85 92 77 76 95 72 28 68 83 140 17 95 36 151 42 70 36 103 93 26 112 7 120 20 21 25 43 167 38 91 85 37 83 55 77 102 26 7 78 54 46 95 91 72 100 143 35 112 59 102 110 54 64 97 51 49 95 50 106 80 57 19 149 79 45 96 46 69 60 79 122 101 70 109 102 37 
53 94 96 131 123 86 145 60 98 145 73 32 89 0 113 66 97 95 19 33 46 53 95 187 85 60 124 42 67 33 134 136 27 22 136 67 56 95 53 90 77 93 158 92 50 51 37 139 86 113 136 52 107 99 46 179 101 84 117 48 130 101 112 93 90 92 83 48 64 171 146 57 95 26 111 11 55 17 132 32 22 105 70 18 135 62 26 48 165 63 5 126 83 156 53 93 78 29 48 88 87 32 34 96 43 20 74 37 81 91 81 72 89 92 130 1 79 65 127 96 35 19 64 46 64 96 49 32 38 51 62 52 62 109 98 115 24 49 21 78 73 155 16 120 71 97 74 102 27 29 77 100 76 56 115 85 150 187 27 67 65 43 37 69 118 40 23 67 63 110 118 50 96 105 36 67 92 91 84 56 78 25 111 89 78 101 126 61 81 62 76 57 140 71 32 41 18 102 65 52 51 115 113 101 27 124 93 100 85 53 76 48 77 81 24 16 96 71 58 67 95 139 69 93 59 237 123 20 49 26 93 71 113 79 121 66 89 61 128 167 48 92 32 113 93 31 77 83 60 80 77 31 54 96 91 70 155 142 54 112 28 102 109 52 62 96 34 78 95 35 64 98 31 85 119 77 48 23 38 116 58 97 122 102 68 21 16 62 
152 81 26 33 9 184 122 95 158 31 48 132 99 113 0 104 15 55 114 98 146 153 67 73 85 127 20 70 113 133 37 39 127 134 22 120 153 17 62 62 98 203 74 73 150 126 136 71 41 86 26 130 18 15 91 66 71 53 123 71 43 71 107 73 78 27 42 159 90 74 48 76 92 94 16 112 69 95 35 143 121 54 64 117 36 63 94 108 67 96 117 30 183 91 91 79 110 116 83 25 40 116 118 105 106 117 74 136 30 155 31 98 97 27 44 113 50 46 167 58 134 119 124 146 56 80 81 131 121 99 100 151 80 117 24 132 89 97 119 106 170 105 120 24 63 15 110 32 139 84 85 45 34 155 66 26 53 90 138 69 165 133 135 168 6 115 121 62 115 70 6 63 24 103 100 47 26 135 27 56 66 124 70 38 75 58 15 77 162 51 73 153 29 86 116 131 128 35 140 87 148 8 49 11 137 98 118 108 57 93 65 159 106 179 121 98 23 69 117 81 16 43 80 80 134 127 56 117 94 129 34 70 17 101 23 85 75 104 62 70 127 33 107 134 17 123 37 123 76 90 76 114 57 39 35 88 44 88 131 23 83 31 71 61 71 86 112 47 37 97 162 17 80 78 170 92 62 124 96 27 55 18 33 21 60 132 125 60 
47 27 101 136 109 80 77 66 54 78 79 52 22 66 104 0 92 48 46 53 52 54 36 120 91 23 124 42 8 63 140 142 55 87 109 15 49 87 58 40 83 158 164 98 54 22 43 145 91 46 78 25 113 103 19 112 35 49 123 53 64 35 45 29 24 75 87 114 70 177 151 62 28 39 85 64 60 48 137 98 49 48 38 55 139 67 38 17 170 69 70 132 79 90 12 28 13 36 20 90 61 33 73 102 60 46 28 45 78 110 80 78 23 74 135 66 83 58 134 101 67 68 21 94 46 31 21 68 27 14 68 71 22 44 78 121 40 16 49 84 67 160 73 79 39 91 80 69 92 39 17 104 73 50 50 84 155 192 92 72 61 30 42 64 97 25 50 39 73 46 108 57 99 40 28 56 75 33 81 61 36 61 47 93 83 106 94 24 59 52 28 50 105 77 32 28 82 66 37 58 62 93 53 99 92 59 29 35 43 11 36 113 83 77 55 53 99 76 15 72 87 144 21 99 31 173 60 49 14 81 97 30 116 15 124 16 26 3 64 171 25 95 63 49 87 34 81 89 25 17 82 33 50 99 95 76 105 147 28 116 37 106 114 58 68 101 30 53 99 28 85 84 35 24 129 83 48 74 24 74 64 83 126 105 74 86 80 41 
140 69 11 44 24 172 109 80 146 46 33 120 87 97 15 92 0 43 102 83 134 141 55 88 70 115 31 55 100 121 48 50 115 119 37 107 141 4 46 50 83 188 72 58 138 114 124 57 26 74 38 117 21 11 78 81 59 40 108 55 34 59 95 61 66 14 27 144 74 85 59 61 80 81 13 98 53 81 46 127 108 42 52 104 47 48 81 96 78 80 101 40 171 79 79 67 98 104 71 10 28 104 103 90 90 105 62 124 15 139 16 83 85 14 44 98 35 33 151 43 122 106 112 133 43 68 68 118 109 87 84 139 67 105 11 117 77 84 106 90 158 90 105 24 50 0 94 20 123 69 72 30 19 142 54 12 64 101 122 54 152 120 122 156 21 102 108 49 99 58 21 48 10 90 87 34 13 123 12 41 53 111 58 23 60 43 30 64 150 38 60 141 44 71 103 118 113 23 128 72 135 19 37 9 121 86 105 96 45 80 53 144 91 166 108 83 10 54 104 66 2 53 67 65 121 142 44 104 81 115 19 57 27 88 34 72 63 91 50 81 114 18 92 121 3 110 22 108 63 77 61 101 43 24 20 73 59 73 118 26 69 17 56 46 56 71 99 34 22 84 149 4 65 66 155 77 47 110 83 22 40 5 36 16 45 117 110 47 
96 25 52 87 59 128 65 78 102 49 32 81 43 95 55 48 43 0 76 82 91 98 12 91 69 71 74 53 56 92 91 93 84 116 60 63 97 38 45 7 82 187 115 57 95 70 81 97 43 31 41 73 64 54 48 84 16 10 107 54 36 16 51 18 23 27 39 143 73 128 102 60 37 68 37 93 52 77 89 126 78 10 24 84 90 46 67 53 121 79 99 83 127 62 40 24 55 65 44 42 14 62 102 89 89 74 20 82 30 138 32 82 42 27 87 95 36 29 150 54 96 97 69 123 29 25 42 97 66 45 83 100 30 62 30 116 69 45 78 89 115 112 102 31 20 43 93 21 121 66 30 56 26 98 22 36 107 144 121 53 109 78 80 112 49 61 78 25 98 18 60 46 51 48 57 27 28 80 33 40 14 90 19 45 60 59 46 31 107 32 19 98 57 69 63 76 111 18 85 70 95 45 21 52 120 43 63 53 7 41 15 142 89 125 84 81 51 53 63 64 40 96 26 65 79 145 31 77 44 110 49 20 68 47 76 31 21 51 36 123 73 47 90 79 40 69 34 106 31 35 60 62 39 51 47 71 63 99 76 68 65 58 68 45 55 71 60 14 51 57 114 37 62 24 153 75 45 103 53 27 38 36 78 57 44 115 108 30 
37 74 111 146 118 70 124 75 79 125 88 17 69 19 114 46 102 76 0 48 31 38 76 166 100 41 133 51 47 19 149 151 12 41 119 47 41 97 67 70 92 112 173 107 35 32 22 154 100 92 116 32 122 113 26 158 81 64 132 62 110 81 91 73 70 86 97 67 79 186 161 71 74 19 97 17 69 22 147 51 7 85 50 9 149 76 19 29 180 78 24 141 68 136 34 74 59 10 30 101 72 13 50 111 58 4 55 22 89 106 91 87 69 85 145 20 93 68 142 111 22 22 45 49 56 77 31 22 19 32 77 37 44 90 89 130 24 30 6 93 58 170 26 101 53 102 89 84 46 44 59 114 84 41 96 95 165 202 45 81 50 23 22 54 108 21 8 49 78 92 119 65 110 86 18 66 86 72 91 71 60 16 93 103 92 115 108 43 62 62 58 42 122 86 13 22 36 84 46 67 36 105 95 110 46 105 75 81 67 34 58 67 92 66 10 32 110 85 39 81 98 154 51 108 40 219 105 5 31 35 107 53 127 60 135 48 71 43 110 182 29 106 47 95 98 13 92 98 42 62 91 12 60 110 105 85 137 156 35 126 34 116 123 67 77 110 15 64 109 17 49 95 38 67 134 92 58 29 20 98 73 94 136 116 83 40 34 52 
86 81 73 97 109 119 131 26 94 130 50 66 76 33 98 53 83 82 48 0 79 86 82 171 51 63 108 28 54 66 101 103 60 37 120 56 89 80 36 77 43 106 124 58 83 62 70 105 57 99 121 66 80 82 33 164 88 71 83 27 117 88 98 79 77 77 56 61 30 137 122 24 81 29 96 44 30 27 99 44 55 92 56 51 115 36 29 44 133 29 28 97 116 143 41 81 66 52 36 72 75 52 20 62 10 52 62 70 67 58 67 38 76 77 96 32 47 52 94 62 68 52 62 79 51 84 37 65 57 39 29 85 50 97 84 81 24 36 54 44 106 121 49 107 59 83 41 90 43 14 65 67 62 89 103 71 117 153 40 34 98 69 70 102 104 52 56 54 30 98 104 33 73 93 36 54 78 79 70 40 66 58 99 59 45 68 113 49 100 48 64 90 127 37 53 67 43 90 77 19 84 101 101 86 39 112 81 88 73 41 64 62 43 114 57 17 74 38 55 34 81 109 57 59 72 225 111 53 37 59 63 59 82 67 102 54 77 49 116 136 65 64 10 101 79 60 60 50 48 68 44 51 40 64 61 36 142 108 69 81 15 71 75 35 31 62 49 65 64 34 97 84 18 73 86 43 34 56 33 104 41 83 90 75 37 35 39 49 
14 79 144 179 151 38 129 108 83 130 121 14 74 46 146 52 134 91 31 79 0 7 81 172 130 45 164 82 52 14 180 182 19 44 150 52 37 128 98 84 122 107 203 137 4 37 10 184 131 98 123 37 153 144 54 164 87 92 162 93 116 87 97 78 75 117 128 71 109 216 192 102 80 50 128 36 100 53 178 59 24 92 79 29 180 107 50 37 211 108 51 172 37 142 54 79 64 29 61 132 103 29 80 141 89 27 71 9 120 137 122 117 75 116 175 47 124 99 173 141 17 28 49 44 87 82 62 17 25 45 108 19 64 96 120 160 55 47 25 123 41 200 32 122 81 133 120 112 42 75 66 145 115 16 102 126 196 232 60 112 19 28 10 23 139 29 23 80 109 97 150 96 141 92 44 97 117 76 122 102 79 22 98 134 123 146 137 66 67 93 71 30 148 116 27 27 38 109 51 98 11 136 102 141 73 111 80 86 87 49 78 63 122 35 23 62 141 116 44 112 129 185 63 138 45 224 111 26 48 31 138 72 158 65 166 58 77 49 115 213 34 137 78 100 129 20 123 129 67 69 122 28 91 141 136 115 149 187 40 157 65 147 154 98 108 141 30 95 140 46 33 126 69 74 165 122 89 25 47 117 104 125 167 147 114 54 41 83 
16 81 151 186 158 31 131 115 85 132 128 21 76 53 153 54 141 98 38 86 7 0 87 174 137 47 171 89 54 21 187 189 26 51 157 54 39 135 105 91 129 105 210 144 3 39 17 191 138 100 129 39 160 151 61 166 89 99 169 100 118 89 99 80 77 124 135 78 116 223 199 109 82 57 135 43 107 60 185 66 31 99 86 36 187 114 57 44 218 115 58 179 30 144 61 81 66 36 68 139 110 36 87 148 96 34 78 16 127 144 129 124 77 123 182 54 131 106 180 148 19 35 51 42 94 84 69 22 31 52 115 17 71 98 127 167 62 54 32 130 43 207 39 129 88 140 127 119 46 82 68 152 122 18 104 133 203 239 67 119 12 31 17 16 146 36 30 87 116 99 157 103 148 94 51 104 124 78 129 109 86 29 100 141 130 153 144 73 69 100 78 32 155 123 34 30 45 116 53 105 9 143 104 148 80 113 82 88 94 56 85 61 129 28 30 69 148 123 47 119 136 192 70 145 47 226 113 33 55 30 145 79 165 68 173 65 79 51 117 220 37 144 85 102 136 27 130 136 74 71 129 35 98 148 143 122 156 194 42 164 72 154 161 105 115 148 37 102 147 53 31 133 76 76 172 129 96 30 54 124 111 132 174 154 121 61 48 90 
84 13 64 99 71 116 53 79 90 49 42 81 31 95 67 36 55 12 76 82 81 87 0 91 69 59 86 53 44 92 103 105 84 116 72 51 85 50 45 5 82 187 127 62 84 58 72 109 55 19 42 61 76 66 48 84 6 13 107 54 35 6 39 6 11 39 51 143 73 140 114 60 25 68 49 93 52 77 101 126 78 13 25 84 102 46 67 46 133 79 99 95 115 61 40 12 43 65 45 54 25 62 102 89 89 74 19 74 42 138 44 82 30 38 99 95 47 29 150 65 96 97 57 123 29 13 43 97 56 43 83 100 30 50 42 116 69 45 78 89 103 124 102 43 21 55 93 33 121 67 18 68 37 86 21 48 119 156 121 53 97 66 71 100 61 54 78 26 98 17 72 47 63 36 57 27 39 68 45 40 14 90 18 57 60 71 58 31 95 32 16 86 69 70 61 64 111 30 73 71 91 57 21 63 120 32 51 41 8 39 15 142 90 113 84 82 63 53 51 65 51 108 23 66 67 144 31 77 42 110 61 20 80 35 88 26 9 39 35 135 61 59 91 67 51 63 45 107 31 23 60 62 40 63 59 72 70 111 64 80 65 70 79 45 55 72 58 17 63 56 114 48 62 12 154 76 46 103 52 39 39 47 90 69 45 115 109 31 
159 93 100 89 64 189 112 169 150 43 122 173 98 187 73 120 88 91 166 171 172 174 91 0 158 126 63 143 119 183 101 103 175 207 51 119 146 90 134 96 171 276 147 146 174 134 163 144 114 78 51 134 91 88 139 34 84 101 196 143 55 84 99 93 96 95 115 232 162 138 59 149 91 159 76 183 141 168 99 215 169 81 115 175 57 136 158 136 78 168 189 76 176 81 131 92 107 155 135 98 98 152 191 178 178 165 110 165 103 227 104 171 96 95 117 186 123 119 239 131 187 188 121 214 120 88 133 188 146 134 172 190 121 110 87 205 160 136 169 178 165 178 192 65 111 88 182 81 211 157 105 118 107 155 69 99 86 150 210 142 171 142 161 165 67 144 169 116 187 73 67 136 97 96 148 118 93 128 100 129 104 181 71 111 148 131 59 121 155 123 107 148 44 159 151 143 201 82 134 160 182 70 70 84 209 90 111 102 98 130 105 232 179 190 175 171 96 142 126 154 89 69 112 153 129 54 60 168 133 201 107 111 90 105 68 116 93 123 54 81 136 106 180 128 90 153 110 196 122 102 149 152 130 112 108 161 29 161 130 96 156 104 144 134 144 159 149 105 110 147 204 86 153 97 243 165 135 194 143 67 128 87 106 94 133 205 198 121 
139 70 59 71 95 172 119 25 146 116 37 119 88 85 85 91 70 69 100 51 130 137 69 158 0 114 95 50 99 117 59 57 111 88 107 106 140 67 33 64 13 119 72 12 134 113 121 53 44 88 108 116 67 69 77 151 75 58 38 38 104 75 96 67 68 64 43 75 21 85 108 28 82 80 83 95 31 78 60 74 106 79 53 102 102 23 80 95 100 22 79 83 167 130 78 69 99 103 70 59 62 103 50 20 41 103 63 121 54 71 54 14 86 64 45 83 34 39 83 25 119 103 112 130 44 72 69 116 108 87 24 136 68 107 71 47 75 85 105 22 157 70 100 94 51 70 26 77 94 55 73 39 49 140 90 58 74 101 72 17 149 120 121 153 91 103 107 50 32 86 91 33 60 91 87 41 65 124 57 29 55 109 87 45 8 25 100 65 150 38 61 141 114 14 104 118 94 77 128 32 135 88 89 73 59 101 106 97 61 81 54 94 23 165 108 68 61 14 105 18 68 91 68 8 122 212 99 104 82 110 49 58 68 89 89 73 66 92 104 99 115 50 51 122 65 111 46 40 64 78 7 102 40 44 47 15 129 56 119 61 65 52 24 31 20 11 100 53 46 85 148 70 60 67 87 9 40 107 83 90 28 69 51 61 23 77 90 47 
31 46 124 159 132 62 83 90 37 99 102 46 28 60 127 23 115 71 41 63 45 47 59 126 114 0 145 65 14 57 162 164 49 81 131 7 25 109 81 63 106 152 186 121 47 8 37 167 114 52 101 8 135 125 37 118 55 72 146 76 84 55 51 52 47 98 110 108 93 199 173 85 34 34 108 58 83 43 160 92 44 71 61 50 161 90 34 18 192 92 65 154 55 96 35 46 18 30 43 113 84 27 68 125 73 40 51 39 101 121 103 101 29 97 158 61 106 81 157 124 62 62 4 89 69 46 44 62 20 26 91 64 45 50 101 144 39 28 44 107 44 183 67 102 62 114 103 92 87 59 40 127 96 30 60 107 178 215 86 95 45 16 35 43 120 18 43 62 93 56 131 80 122 46 26 79 98 31 104 84 59 56 56 116 106 129 117 47 36 75 51 28 128 100 25 17 77 89 15 81 56 116 76 122 86 65 34 41 66 30 59 108 106 64 49 49 122 99 7 95 110 167 44 122 9 179 70 42 29 76 120 53 139 24 147 39 49 19 71 194 10 118 62 54 110 27 104 112 48 35 105 26 73 122 118 99 128 170 7 139 48 129 137 81 91 124 23 76 122 29 78 107 52 47 148 106 71 69 29 97 87 106 149 128 97 81 74 64 
172 101 36 25 15 204 141 105 178 47 58 152 118 124 20 124 31 74 133 108 164 171 86 63 95 145 0 82 130 152 37 39 145 144 15 137 170 35 74 81 108 213 84 83 168 144 155 81 51 105 44 147 29 26 109 64 90 71 133 83 61 90 125 92 97 45 52 169 100 74 28 86 111 112 36 129 79 112 36 152 139 73 83 135 16 73 112 127 47 106 127 12 200 109 110 98 129 135 102 36 59 135 128 115 116 136 93 155 44 165 42 108 116 45 53 124 60 64 177 69 153 137 143 164 74 99 99 149 140 118 110 170 98 136 42 142 108 115 137 116 189 115 135 43 81 31 120 51 149 96 103 55 48 172 85 38 34 86 148 79 183 151 153 186 24 133 139 80 125 89 14 76 35 121 118 65 44 154 41 68 84 142 89 48 86 68 27 95 181 69 91 172 19 97 134 149 141 54 159 97 166 27 68 22 147 117 136 127 76 111 84 169 117 197 139 110 33 79 135 91 33 23 98 90 152 117 75 135 112 145 44 88 26 119 5 103 94 122 81 50 145 44 117 152 33 141 48 134 94 108 86 132 72 50 46 99 34 99 149 32 98 41 81 73 82 96 130 65 47 115 180 35 94 97 181 102 75 141 114 47 66 36 42 32 70 143 137 78 
89 52 58 93 80 122 102 25 96 102 36 69 47 42 70 42 55 53 51 28 82 89 53 143 50 65 82 0 50 70 97 99 63 64 92 57 90 53 16 48 41 134 121 56 86 64 73 103 49 71 93 67 70 61 28 136 59 42 81 11 88 59 70 51 48 49 46 89 28 134 109 20 53 31 68 48 18 29 95 72 58 63 28 54 98 25 31 46 128 28 46 89 119 114 29 52 50 54 21 50 46 54 48 60 36 55 34 73 39 86 40 37 48 49 93 42 42 23 98 60 72 55 63 82 23 55 20 68 59 38 31 88 23 69 56 80 26 36 57 43 109 120 52 79 31 55 41 62 68 14 38 63 35 92 74 44 113 150 68 30 101 71 73 105 76 54 59 26 46 70 76 14 59 65 39 25 50 75 42 19 38 61 71 52 41 64 85 22 101 20 36 92 99 35 55 69 59 62 79 18 87 73 73 60 67 84 58 60 45 33 36 89 42 117 60 29 59 34 57 30 53 102 30 57 73 197 83 56 34 62 56 32 76 42 84 27 49 44 88 130 67 55 38 76 51 62 40 55 21 41 40 54 12 59 54 34 114 105 70 75 16 65 72 16 26 59 52 37 58 36 100 56 12 46 102 41 7 60 35 76 22 55 85 65 32 62 56 21 
38 32 110 145 117 71 76 75 45 85 88 53 21 67 113 8 100 56 47 54 52 54 44 119 99 14 130 50 0 64 147 149 55 88 116 7 39 94 66 48 91 159 171 106 54 15 43 152 99 45 86 17 120 110 22 111 41 57 131 61 70 41 44 37 32 83 95 114 78 184 158 70 27 40 93 64 68 49 145 98 50 56 46 56 146 75 39 17 177 77 71 139 69 89 20 32 12 36 28 98 69 33 74 110 62 46 36 45 86 112 88 86 22 82 143 67 91 66 142 109 68 69 13 95 54 32 29 68 27 15 76 71 30 43 86 129 42 17 50 92 58 168 73 87 47 99 88 77 93 44 25 112 81 42 51 92 163 200 92 80 52 23 42 56 105 25 50 47 78 47 116 64 107 39 29 64 83 25 89 69 44 62 48 101 91 114 102 32 50 60 36 42 113 85 32 24 83 74 29 66 62 101 61 107 93 58 28 34 51 16 44 114 91 71 56 54 107 84 7 80 95 152 29 107 23 172 61 49 16 82 105 38 124 14 132 24 34 5 64 179 17 103 64 48 95 34 89 97 33 21 90 33 58 107 103 84 113 155 20 124 38 114 122 66 76 109 30 61 107 29 85 92 38 32 134 91 56 75 26 82 72 91 134 113 82 87 81 49 
26 91 129 164 137 52 141 94 95 142 107 11 86 33 133 63 121 92 19 66 14 21 92 183 117 57 152 70 64 0 167 169 8 30 138 64 48 116 86 87 109 95 189 124 18 48 19 170 119 109 133 48 140 131 43 175 98 81 149 81 127 98 108 89 87 105 116 57 96 202 179 90 91 38 116 22 88 40 165 45 13 102 67 15 168 95 37 46 198 95 38 159 51 153 51 91 75 27 49 120 91 29 67 128 76 17 72 17 108 124 110 104 86 103 162 34 112 86 160 128 5 14 61 32 75 94 50 5 35 48 95 20 61 107 108 147 42 47 13 110 53 187 18 118 71 120 107 102 30 62 76 133 102 28 113 114 183 218 46 100 33 39 20 37 127 37 13 68 96 109 137 83 129 103 34 85 104 88 110 89 77 8 110 122 111 134 125 60 78 80 75 41 140 103 30 38 24 101 62 85 18 124 112 128 60 122 91 98 84 51 75 51 109 49 9 49 129 104 55 100 116 172 68 125 56 236 122 14 47 19 126 70 146 76 153 65 88 59 127 200 45 125 65 111 116 28 110 116 59 79 110 29 78 129 124 102 154 173 51 145 52 135 141 85 95 128 31 83 128 34 32 113 56 84 152 109 76 13 37 116 91 112 155 135 101 40 27 71 
189 118 39 12 37 220 158 75 194 65 61 168 135 134 37 140 48 91 149 101 180 187 103 101 59 162 37 97 147 167 0 2 160 138 49 154 186 52 81 98 72 178 47 46 183 161 170 44 48 122 62 164 26 36 125 94 107 88 97 86 79 107 142 109 114 62 51 134 70 37 49 78 128 128 52 145 79 126 2 123 155 90 100 151 43 72 128 143 41 72 129 24 216 127 126 115 146 151 118 47 76 151 100 79 91 152 110 170 59 130 56 72 133 62 16 132 56 80 141 38 169 152 160 179 91 116 116 165 156 135 75 185 115 153 59 106 123 132 154 80 205 78 149 60 98 47 84 68 144 103 120 34 63 189 102 52 16 53 122 67 198 168 170 202 42 150 156 97 90 106 34 82 37 138 135 80 61 171 56 77 101 158 106 44 55 33 45 112 197 85 108 189 56 64 151 166 144 71 176 82 183 45 85 38 112 134 153 144 93 128 100 143 81 214 156 117 37 62 152 67 49 32 115 54 169 154 92 152 129 159 40 105 20 136 31 120 111 139 98 41 162 41 101 169 49 158 56 98 111 125 56 149 87 38 42 65 71 62 166 20 113 29 45 80 70 60 147 82 36 132 197 52 108 113 145 67 89 156 131 63 73 53 10 30 63 127 140 95 
191 120 41 14 39 222 160 77 196 67 63 170 137 136 39 142 50 93 151 103 182 189 105 103 57 164 39 99 149 169 2 0 162 140 51 156 188 54 83 100 69 176 44 45 185 163 172 41 50 124 64 166 28 38 127 96 109 90 94 88 81 109 144 111 116 64 53 131 72 35 51 80 130 130 54 147 81 128 4 125 157 92 102 153 45 74 130 145 43 73 131 26 218 129 128 117 148 153 120 49 78 153 102 77 93 154 112 172 61 127 58 71 135 64 14 134 58 82 139 40 171 154 162 181 93 118 118 167 158 137 75 187 117 155 61 103 125 134 156 78 207 75 151 62 100 49 82 70 146 105 122 36 65 191 104 54 18 51 124 69 200 170 172 204 44 152 158 99 88 108 36 84 39 140 137 82 63 173 58 79 103 160 108 46 57 34 47 114 199 87 110 191 58 65 153 168 146 73 178 84 185 47 87 40 111 136 155 146 95 130 102 145 79 216 158 119 39 64 154 69 51 34 117 52 171 156 94 154 131 161 42 107 22 138 33 122 113 141 100 43 164 43 103 171 51 160 58 96 113 127 58 151 89 40 44 66 73 59 168 22 115 31 43 82 72 58 149 84 38 134 199 54 110 115 143 66 91 158 133 65 75 55 12 32 65 129 142 97 
24 82 124 159 131 57 132 88 87 133 101 5 77 27 127 55 115 84 12 60 19 26 84 175 111 49 145 63 55 8 160 162 0 33 131 55 40 109 79 79 103 103 183 118 23 40 12 164 112 100 125 40 133 124 35 166 90 73 143 74 119 90 99 81 79 98 109 60 90 196 172 83 82 31 109 17 81 34 158 44 5 94 60 10 161 88 31 38 191 89 32 152 56 144 43 83 67 19 42 113 84 21 61 122 70 9 64 10 101 118 103 98 77 97 156 28 105 80 154 122 13 14 53 40 68 86 43 13 27 40 89 25 53 98 101 141 36 38 6 104 46 181 19 110 63 114 101 94 38 56 68 126 96 28 105 107 176 212 41 93 38 32 13 42 120 29 5 61 90 101 131 77 122 94 26 78 98 80 103 82 69 8 102 115 104 127 118 52 70 74 67 34 132 97 22 30 29 93 54 79 24 117 104 122 54 113 83 89 76 43 67 59 103 54 4 43 122 97 47 93 110 165 60 119 48 227 114 7 39 27 119 62 139 68 147 57 80 51 119 193 37 118 59 103 110 20 103 110 51 71 103 21 72 122 117 96 146 167 43 138 46 128 135 79 89 122 23 76 121 27 37 107 50 76 146 103 70 21 29 108 85 106 148 128 95 36 27 64 
51 116 109 134 144 83 166 63 120 166 86 35 110 22 134 87 119 116 41 37 44 51 116 207 88 81 144 64 88 30 138 140 33 0 156 88 72 116 72 111 80 71 160 95 48 72 43 141 93 133 157 72 116 118 67 199 122 105 120 62 151 122 132 113 111 113 92 27 67 173 158 61 115 48 132 23 65 39 136 15 38 126 91 31 151 72 48 70 170 66 17 133 81 177 75 115 99 51 70 108 109 53 38 99 46 41 96 41 103 94 103 75 110 113 133 21 84 87 130 99 32 19 85 43 86 118 71 29 59 72 65 50 84 131 120 118 46 71 37 81 77 158 14 142 93 119 77 124 6 49 99 104 98 55 137 107 154 189 15 71 63 63 44 67 140 61 37 89 66 132 140 68 109 127 58 89 114 112 106 75 100 25 133 96 82 105 148 83 102 83 98 65 162 74 54 62 6 124 86 56 48 137 135 122 30 146 115 122 107 75 98 27 80 79 31 33 110 75 79 70 117 146 91 96 80 259 145 38 71 22 100 93 119 100 138 88 111 83 150 173 69 100 36 135 115 52 95 86 82 102 81 53 75 101 98 73 177 144 75 118 49 108 112 70 68 99 55 100 101 57 61 120 52 107 122 80 69 20 60 138 76 119 127 112 74 10 6 84 
157 86 49 37 13 189 126 118 163 33 71 137 104 136 22 109 37 60 119 120 150 157 72 51 107 131 15 92 116 138 49 51 131 156 0 123 155 39 83 67 120 225 95 95 154 130 141 92 63 91 30 133 40 37 96 49 76 58 145 92 47 76 111 78 83 43 64 181 111 86 43 98 97 109 25 134 90 117 48 164 126 59 71 126 31 85 109 113 62 117 138 25 185 95 97 84 115 122 89 47 48 122 140 127 127 123 80 141 52 176 53 120 102 43 65 134 72 68 188 80 141 139 129 166 70 85 88 140 126 105 121 156 86 122 36 154 110 103 125 127 174 126 142 29 68 37 131 38 160 106 90 67 56 158 71 48 49 99 159 91 168 138 140 172 16 121 127 70 136 75 16 85 46 108 106 67 42 140 49 78 72 133 75 60 97 80 13 83 166 72 79 158 7 108 122 136 150 41 145 109 154 19 55 33 158 103 123 113 63 99 71 181 128 185 129 120 45 91 123 103 38 38 86 102 139 105 61 124 100 151 56 76 39 107 18 91 81 110 67 65 133 55 129 139 39 129 59 145 82 95 98 120 79 61 57 110 22 110 136 45 105 53 93 83 93 108 118 56 59 104 168 35 102 84 192 114 84 145 102 33 77 36 55 43 82 154 147 72 
38 39 117 152 124 69 76 82 38 92 95 53 21 67 120 15 107 63 47 56 52 54 51 119 106 7 137 57 7 64 154 156 55 88 123 0 32 101 73 55 98 158 178 113 54 15 43 159 106 45 93 15 127 117 29 111 48 64 138 68 77 48 44 44 39 90 102 114 85 191 165 77 27 40 100 64 75 49 152 98 50 63 53 56 153 82 39 17 184 84 71 146 62 89 27 39 12 36 35 105 76 33 74 117 66 46 43 45 93 114 95 93 22 89 150 67 98 73 149 116 68 69 6 95 61 39 36 68 27 20 83 71 37 43 93 136 42 22 50 99 51 175 73 94 54 106 95 84 93 51 32 119 88 36 53 99 170 207 92 87 52 23 42 50 112 25 50 54 85 49 123 71 114 39 29 71 90 25 96 76 51 62 49 108 98 121 109 39 43 67 43 35 120 92 32 24 83 81 22 73 62 108 68 114 93 58 28 34 58 23 51 114 98 71 56 54 114 91 7 87 102 159 36 114 16 172 63 49 23 82 112 45 131 17 139 31 41 12 64 186 17 110 64 48 102 34 96 104 40 28 97 33 65 114 110 91 120 162 14 131 43 121 129 73 83 116 30 68 114 29 85 99 45 39 141 98 63 75 27 89 79 98 141 120 89 87 81 56 
23 72 150 185 158 54 93 116 45 125 128 37 54 56 153 49 141 97 41 89 37 39 85 146 140 25 170 90 39 48 186 188 40 72 155 32 0 133 105 87 130 143 210 145 39 26 28 191 138 68 125 22 159 149 61 128 80 96 170 100 109 80 60 76 71 122 134 99 117 223 197 109 59 59 132 50 107 61 184 83 36 95 85 42 185 114 59 43 216 116 61 178 30 105 59 71 41 36 67 137 108 37 89 149 98 37 75 30 125 146 127 125 54 121 182 57 130 105 181 148 53 53 26 80 93 71 68 53 31 51 115 56 69 59 125 168 64 53 36 131 19 207 58 126 86 138 127 116 78 83 64 151 120 20 85 131 202 239 78 119 36 19 27 29 144 36 36 86 117 81 155 103 146 56 51 103 122 40 128 108 83 47 81 140 130 153 141 71 30 99 75 6 152 124 35 20 68 113 14 105 47 140 100 146 83 75 43 50 90 55 83 99 130 55 41 71 146 123 32 119 134 191 68 146 16 188 95 36 54 67 144 77 163 49 171 63 73 44 91 218 23 142 87 63 134 28 128 136 72 60 129 36 97 146 142 123 152 194 19 163 73 153 161 105 115 148 38 100 146 54 70 131 77 71 173 130 95 60 54 121 111 130 173 152 121 73 66 88 
135 64 13 48 26 167 104 77 141 48 30 115 82 95 17 87 4 38 97 80 128 135 50 90 67 109 35 53 94 116 52 54 109 116 39 101 133 0 44 45 80 185 76 55 132 108 119 58 23 69 40 111 25 15 74 83 54 36 105 53 36 54 89 56 61 10 24 141 72 89 63 58 75 77 15 94 51 78 50 124 104 37 48 100 51 45 77 91 82 78 99 44 163 74 75 62 93 100 66 8 24 100 100 87 88 100 58 119 13 137 13 80 80 10 48 95 32 29 149 41 118 102 107 129 39 63 64 114 104 83 82 134 63 100 7 114 72 80 102 88 152 88 103 26 46 4 92 16 121 67 68 28 17 136 49 9 68 105 120 51 146 116 118 150 23 98 104 45 97 53 23 46 14 86 83 30 10 118 10 39 49 107 53 21 58 41 32 60 144 34 56 136 46 69 99 114 111 19 123 69 131 21 33 13 119 81 101 91 41 76 49 141 89 162 104 81 14 51 100 63 2 57 63 63 117 144 40 100 77 112 17 53 31 84 38 68 59 87 46 85 110 16 89 117 2 106 20 106 59 73 58 97 40 22 18 71 61 71 114 30 66 21 54 44 54 69 95 30 20 80 145 4 63 62 153 74 45 106 79 24 38 3 40 20 42 115 108 43 
105 43 42 77 71 138 94 32 112 93 20 85 54 53 62 58 46 45 67 36 98 105 45 134 33 81 74 16 66 86 81 83 79 72 83 73 105 44 0 40 36 141 105 39 102 80 89 86 33 63 84 83 54 47 44 127 51 34 65 8 80 51 62 42 40 41 30 97 27 118 93 14 49 47 59 64 6 45 79 80 74 55 19 70 82 9 47 62 112 33 54 73 135 106 45 44 66 70 37 36 38 70 56 44 43 71 29 89 30 92 31 36 52 41 77 51 26 15 104 43 88 71 79 98 15 47 36 84 75 54 37 104 35 73 48 70 42 52 73 43 124 103 68 70 23 46 47 54 76 23 40 47 26 107 66 35 97 134 75 14 117 87 89 121 67 70 75 18 52 62 67 2 43 59 55 17 42 91 33 4 30 77 63 36 25 48 76 33 116 12 29 108 90 25 71 85 67 53 95 25 103 65 65 50 74 76 73 64 37 49 28 97 44 133 76 37 44 18 73 20 44 86 36 41 89 188 75 72 50 78 40 26 60 57 69 41 41 60 80 114 83 40 45 90 42 78 25 61 32 46 24 70 7 43 38 27 105 89 86 59 32 49 56 1 11 43 68 29 42 52 116 47 28 37 108 31 9 76 51 67 7 46 69 50 17 70 64 16 
88 18 59 94 66 121 58 73 95 54 37 76 36 90 62 40 50 7 70 77 84 91 5 96 64 63 81 48 48 87 98 100 79 111 67 55 87 45 40 0 76 181 121 57 88 62 73 103 50 24 46 65 70 60 43 89 11 8 102 48 40 11 44 11 16 34 46 137 67 134 108 54 30 63 44 87 46 72 95 120 73 15 19 79 96 41 62 46 127 73 94 89 117 66 35 17 48 60 39 49 20 57 96 84 83 69 14 74 37 132 39 76 35 33 93 90 42 24 144 60 91 92 61 118 24 18 37 92 59 38 77 95 25 55 37 110 64 40 73 83 106 119 96 38 15 49 87 28 116 61 23 63 32 90 26 43 113 150 115 48 100 70 73 104 56 54 73 20 92 22 67 41 58 41 52 22 34 73 40 35 9 85 23 52 55 66 53 25 98 27 12 90 64 64 56 68 106 25 77 65 88 52 26 58 114 37 56 46 3 35 10 137 84 117 79 76 58 48 55 59 46 102 19 61 71 149 36 72 38 105 56 16 75 40 83 24 14 43 40 130 65 54 85 72 46 62 40 101 26 28 55 57 34 58 54 66 68 106 68 75 60 65 74 40 50 67 54 12 58 52 109 43 57 17 148 70 40 98 48 34 34 42 85 64 40 110 103 25 
