20
287
195 180 190 210 195 180 190 210 200 195 180 210 200 195 180 210 195 195 180 210
10 21 8 23 10 9 21 16 21 3 24 2 4 18 5 13 13 14 10 3 1 11 16 6 18 11 15 17 17 1 1 18 3 21 22 14 4 17 16 8 14 23 1 21 10 19 6 4 18 23 25 17 11 20 9 23 14 7 15 22 4 14 24 13 9 3 23 2 23 8 23 13 25 25 20 9 15 4 1 7 12 5 8 1 24 23 12 2 22 3 12 16 8 25 6 24 16 7 9 23 24 19 9 10 23 2 5 25 17 23 23 13 2 24 22 20 15 12 17 21 10 4 21 3 17 19 10 21 21 6 8 8 13 7 11 18 10 25 7 17 20 18 21 14 2 18 10 5 15 17 12 14 3 7 21 7 5 24 13 18 19 22 13 10 4 17 2 18 2 18 13 24 25 2 2 7 23 21 18 21 23 16 22 11 22 10 15 23 7 1 21 11 2 24 25 17 10 18 2 12 4 1 1 6 22 25 21 18 14 21 4 1 18 4 4 5 15 5 22 21 17 8 4 4 16 5 15 25 15 7 19 11 13 24 4 13 6 4 12 4 4 25 25 14 25 13 13 11 24 5 12 4 5 24 17 4 1 19 7 24 10 13 24 3 14 2 24 11 5 14 21 14 15 3 15 15 21 17 18 15 19 9 10 13 25 1 11
0 5 94 150 81 12 32 66 104 93 73 53 35 78 62 16 89 93 152 17 4 93 38 70 42 48 25 19 14 70 70 80 130 11 47 50 105 26 64 63 53 9 15 33 65 18 58 111 26 73 51 49 135 79 51 43 89 145 35 145 39 69 70 70 94 32 103 43 29 117 32 18 55 150 94 30 99 51 17 63 95 138 50 103 137 51 25 32 67 44 40 84 99 29 68 65 36 71 82 74 45 112 96 65 70 21 166 68 29 34 66 92 97 43 28 155 112 83 42 112 54 74 85 59 122 53 44 34 83 57 18 98 51 13 91 83 66 94 22 81 16 41 103 112 13 44 43 63 107 67 8 28 51 49 22 31 88 26 45 83 37 89 54 48 132 91 151 61 47 28 112 55 112 44 83 84 103 37 77 43 24 191 128 97 25 63 81 135 111 105 48 93 103 94 114 48 75 92 28 34 87 33 31 72 27 73 102 12 150 146 40 35 51 57 26 71 105 53 44 72 35 22 139 72 64 45 74 75 90 43 85 21 85 86 84 57 56 120 83 47 52 29 37 71 67 67 55 7 39 85 90 106 41 69 118 137 43 5 44 98 98 23 77 47 89 105 33 44 61 80 44 103 75 81 20 67 82 141 114 102 115 48 47 52 40 17 79 47 
5 0 88 155 75 7 27 60 109 97 78 48 40 83 67 11 94 98 157 21 9 97 43 75 46 53 19 23 19 75 64 84 135 15 51 55 109 21 69 67 48 13 19 28 59 12 62 115 30 77 55 54 140 83 56 38 94 150 30 149 33 73 65 75 98 30 108 38 33 121 27 13 49 145 98 24 103 45 11 67 90 143 54 107 141 55 29 27 62 38 45 88 103 33 73 70 38 75 77 78 40 107 100 70 65 26 171 72 23 28 61 96 102 47 22 159 116 87 46 106 49 78 89 63 116 57 38 28 87 62 14 93 45 17 96 77 60 98 27 85 20 46 107 116 18 49 48 58 111 62 12 22 55 54 17 36 92 20 39 87 41 94 48 52 136 95 145 65 42 33 116 49 116 40 87 88 107 42 81 47 26 195 122 101 19 57 86 139 115 109 53 97 107 88 119 53 80 86 33 32 91 27 25 77 31 77 106 11 154 151 45 40 55 51 27 65 110 47 46 77 29 17 143 77 68 48 68 69 94 38 79 25 89 91 88 62 51 124 88 52 57 24 31 75 72 71 49 4 43 80 94 100 35 74 113 142 38 0 48 102 102 28 81 50 93 109 35 48 65 74 38 108 69 85 24 71 86 145 118 106 119 49 41 55 45 16 83 51 
94 88 0 144 19 86 103 36 113 101 166 40 128 137 155 94 89 87 148 96 97 88 131 163 52 141 68 94 107 163 24 75 223 95 99 143 100 74 157 123 58 97 101 79 28 75 135 119 89 156 113 137 228 131 144 96 182 238 108 141 54 128 61 156 129 61 196 95 107 169 93 82 38 157 117 63 127 51 76 139 103 231 133 108 132 100 110 81 128 48 133 80 99 114 161 158 57 116 87 99 97 119 134 158 117 114 259 96 64 58 73 109 188 53 65 153 107 109 77 27 74 111 132 61 28 94 49 59 82 150 75 105 41 94 182 9 26 144 115 76 99 134 99 110 106 132 136 82 103 106 93 65 72 142 86 124 92 66 47 109 118 182 39 137 129 87 58 55 75 121 110 37 110 124 140 78 102 130 101 81 69 188 35 125 67 29 174 133 136 101 141 89 101 25 207 141 168 18 121 119 83 58 61 165 85 139 101 98 147 239 133 128 53 35 114 28 198 39 56 165 57 101 135 165 58 63 17 37 166 52 16 83 99 179 153 150 80 133 176 140 145 93 54 111 160 130 37 92 90 104 88 14 51 162 127 230 49 86 74 105 94 115 112 61 112 121 59 112 58 22 47 196 16 91 100 102 82 139 123 154 131 135 44 53 132 103 73 97 
150 155 144 0 163 162 182 108 44 55 168 151 113 70 170 165 59 55 64 131 151 55 117 93 106 110 172 128 138 93 119 68 152 136 100 125 43 174 164 84 201 138 133 181 159 141 90 45 120 83 95 98 157 67 108 192 137 167 183 31 134 76 203 83 55 122 125 192 117 95 180 166 150 299 51 135 53 193 154 83 244 160 97 42 30 95 122 180 215 172 156 62 46 118 91 124 113 74 229 71 193 260 60 103 218 136 188 77 137 173 214 53 115 104 145 57 35 62 103 170 202 71 60 87 136 92 121 156 63 150 136 246 148 133 109 139 151 70 134 66 130 133 43 33 140 102 133 211 40 214 138 153 94 120 170 165 57 154 131 61 108 191 112 99 13 55 133 86 194 141 33 142 32 191 67 64 41 147 68 102 123 45 169 53 148 138 104 9 62 40 155 52 41 167 134 164 98 160 137 181 58 136 162 164 118 73 42 158 50 168 150 148 95 124 172 114 128 126 103 175 126 168 24 187 82 101 138 104 92 187 125 124 60 112 80 120 203 59 171 125 161 175 170 74 180 79 110 154 105 233 54 150 151 154 266 159 113 150 101 46 47 129 68 99 54 48 113 101 84 118 138 125 137 63 124 77 62 53 49 80 57 193 133 93 179 163 67 97 
81 75 19 163 0 73 90 54 118 106 153 27 115 124 142 81 103 106 166 83 84 106 118 150 55 128 55 80 94 150 42 93 210 82 86 130 118 61 144 110 39 84 87 66 15 62 122 125 76 143 100 123 215 119 131 83 169 225 95 160 41 115 42 143 116 48 183 82 94 156 80 69 25 138 110 50 116 32 63 126 85 218 120 119 150 87 97 68 115 35 120 98 115 101 148 145 48 103 68 90 84 100 121 145 104 101 246 84 51 45 54 108 175 56 52 171 126 100 65 31 60 99 119 72 41 81 40 45 96 137 62 86 28 81 169 22 13 131 102 94 86 121 117 127 93 119 123 68 121 93 80 51 66 129 73 111 103 52 35 100 105 169 48 124 147 104 71 74 62 108 127 24 127 111 127 97 118 117 93 68 56 206 47 115 53 23 161 150 128 119 128 106 117 15 194 128 155 13 108 106 101 46 48 152 72 127 117 85 164 226 120 115 64 36 101 46 185 34 56 152 45 88 153 152 77 59 22 55 153 38 34 71 100 166 140 137 66 137 163 127 132 80 41 99 147 118 49 78 78 90 104 27 38 149 108 217 46 73 63 114 111 103 101 60 106 121 47 100 74 40 35 183 22 95 88 91 96 156 130 141 131 122 32 65 119 90 92 85 
12 7 86 162 73 0 21 59 116 104 81 45 47 90 70 8 101 105 164 28 11 104 46 78 53 56 18 30 23 78 62 91 138 22 58 58 116 14 72 74 46 20 26 20 57 19 69 122 37 84 62 61 143 90 59 31 97 153 23 156 32 80 63 82 105 37 111 31 40 128 19 6 47 138 105 25 110 44 10 74 83 146 61 114 148 62 36 20 55 37 47 95 110 40 76 73 45 82 70 85 32 100 107 73 57 28 174 79 22 27 54 103 108 54 21 166 123 94 53 104 42 85 96 70 114 64 38 26 94 64 21 86 43 24 103 75 58 105 29 92 27 48 114 123 20 56 50 51 118 54 19 21 62 56 10 38 99 19 38 94 48 96 48 59 143 102 143 72 35 35 123 48 123 40 94 95 114 44 88 54 33 202 120 108 18 55 89 146 122 116 55 104 114 86 121 55 83 84 35 34 98 27 24 79 38 84 113 13 161 154 47 42 62 51 29 65 113 46 53 79 32 16 150 79 75 55 66 68 101 35 77 32 96 94 95 64 44 131 90 54 59 17 30 82 74 78 49 6 50 73 101 98 33 76 106 144 45 7 55 109 109 31 88 57 100 116 42 55 72 73 37 110 67 92 31 78 93 152 125 113 126 51 40 62 47 18 90 58 
32 27 103 182 90 21 0 75 136 124 64 62 67 110 53 16 121 125 184 48 30 124 64 89 73 70 33 50 42 89 79 111 125 42 78 55 136 26 56 94 61 40 46 22 73 39 89 142 57 104 82 81 128 110 72 11 82 138 6 176 48 100 78 102 125 57 97 11 60 148 8 18 63 118 125 46 130 59 26 94 63 131 81 134 168 82 56 19 35 52 31 115 130 60 91 59 65 102 82 105 13 80 127 77 38 43 160 99 42 42 56 123 127 74 37 186 143 114 73 120 29 105 116 90 130 84 58 42 114 48 41 68 59 44 122 91 74 125 44 112 47 46 134 143 39 76 46 32 138 35 39 37 82 59 14 23 119 35 54 114 68 80 68 79 163 122 159 92 26 38 143 64 143 24 114 115 134 32 108 74 53 222 136 128 34 71 89 166 142 136 41 124 134 102 134 40 85 100 41 18 118 43 39 65 58 104 133 20 181 139 34 31 82 67 13 81 99 62 73 65 52 10 170 64 95 75 82 84 121 50 93 52 116 79 115 60 25 151 76 53 45 7 45 102 59 98 69 25 70 54 121 114 49 62 87 130 65 27 75 129 129 49 108 77 120 136 62 75 92 89 53 96 83 112 51 98 113 172 145 133 146 35 56 82 31 14 110 78 
66 60 36 108 54 59 75 0 85 73 138 43 100 109 127 67 61 51 112 68 69 51 103 135 24 113 64 65 79 135 12 39 195 67 71 115 64 68 129 95 93 69 72 75 51 47 107 91 61 128 85 108 200 103 116 86 154 210 81 105 27 100 96 128 101 33 168 86 79 141 74 61 43 192 89 35 99 86 49 111 138 203 105 80 95 72 82 75 110 65 105 44 71 86 133 130 29 88 122 71 87 154 106 130 112 86 231 68 36 67 108 81 160 25 40 116 71 81 49 63 97 83 104 32 56 66 20 51 54 122 47 140 42 66 154 32 44 116 87 40 71 106 63 74 78 104 108 106 67 109 65 48 44 114 65 96 64 49 25 81 90 154 10 109 93 51 86 20 89 93 80 36 73 98 112 43 65 102 73 53 41 152 63 97 43 31 146 96 108 65 113 53 65 60 179 113 140 53 93 92 47 32 57 137 57 111 70 71 111 211 105 100 25 18 87 8 170 20 28 137 29 74 99 137 23 35 32 10 138 82 21 55 71 151 125 122 98 105 148 112 117 70 65 83 132 102 9 64 62 128 55 45 46 134 161 202 21 58 46 77 58 87 84 33 84 93 31 84 22 16 33 168 32 63 72 74 54 103 95 126 103 109 28 25 105 76 38 69 
104 109 113 44 118 116 136 85 0 11 124 106 69 26 126 120 23 45 48 86 106 38 72 53 62 66 127 84 94 53 89 46 113 92 56 81 77 130 120 40 157 94 89 136 115 97 45 7 76 44 51 53 118 22 63 147 92 128 139 42 89 31 159 44 16 78 86 147 72 56 135 122 105 254 7 91 14 148 109 38 199 121 52 4 69 51 77 136 171 127 111 45 13 73 50 79 69 30 184 27 148 216 21 58 173 91 149 33 93 128 170 9 76 60 101 54 62 17 59 132 158 26 20 52 140 48 77 112 30 106 92 202 104 88 70 103 107 31 89 77 85 89 35 15 95 57 88 167 77 170 93 109 50 75 125 120 19 110 87 17 64 147 74 54 39 38 170 77 150 96 11 98 24 146 28 99 18 102 24 58 79 89 147 14 104 94 64 35 23 33 110 35 18 124 95 119 58 117 93 136 42 92 118 119 74 29 14 113 49 129 105 103 58 81 127 91 88 83 60 130 82 123 60 142 79 57 96 92 53 143 104 80 16 71 41 75 159 20 126 80 116 130 126 29 135 34 74 109 61 189 28 126 107 109 222 120 70 105 57 7 35 84 23 55 10 9 69 56 61 99 94 86 96 20 80 33 29 40 13 41 19 148 89 58 134 118 86 53 
93 97 101 55 106 104 124 73 11 0 112 95 57 35 114 108 11 33 59 75 95 26 61 64 50 55 116 72 82 64 77 34 124 80 44 70 65 118 109 28 145 82 77 124 103 85 35 18 64 55 39 42 129 30 52 135 84 139 127 53 78 27 147 55 27 66 97 135 61 67 123 110 94 242 15 79 25 137 98 38 187 132 41 13 57 39 66 124 159 116 100 33 9 62 61 68 57 19 173 16 136 204 32 58 161 80 160 22 82 117 158 8 87 48 90 65 50 9 48 121 146 16 31 40 128 37 65 101 18 95 81 190 93 77 81 92 95 42 78 65 74 78 24 22 84 46 77 155 65 158 82 98 39 64 114 109 8 99 75 9 53 136 62 44 42 26 158 65 139 85 22 86 22 135 39 87 13 91 13 47 68 100 136 25 93 82 75 45 34 24 99 24 13 112 106 108 68 105 82 125 31 81 107 108 63 39 13 102 60 140 94 92 47 69 116 79 99 71 49 119 71 112 51 131 68 46 84 81 64 132 93 69 5 79 52 64 148 31 115 69 105 119 115 19 124 30 63 98 50 177 16 114 96 98 210 131 58 94 46 9 25 73 13 44 12 20 58 46 49 87 83 96 85 9 69 23 17 51 24 52 30 137 78 47 123 107 75 42 
73 78 166 168 153 81 64 138 124 112 0 126 54 97 11 72 109 113 171 71 69 113 50 76 115 57 97 73 59 76 142 103 110 72 69 41 134 90 8 82 125 70 65 86 137 90 77 130 77 92 71 68 64 99 58 70 30 82 58 165 111 89 142 89 114 105 56 70 59 137 72 82 127 132 114 102 119 123 89 83 77 95 69 123 157 72 56 83 48 116 32 105 119 52 77 43 109 91 146 94 68 129 116 63 52 51 95 88 101 106 120 112 113 113 100 175 133 103 89 184 92 94 105 106 194 74 116 106 103 16 90 131 123 71 108 155 138 114 50 132 66 33 123 132 58 63 33 86 134 61 72 100 94 45 78 41 108 98 117 103 58 25 126 66 152 111 223 132 90 43 132 127 132 40 103 154 123 34 97 84 96 211 200 117 97 135 75 155 131 125 22 113 123 166 120 23 72 164 43 45 108 105 103 2 79 92 122 66 170 84 30 35 112 129 50 143 52 125 108 9 107 62 159 21 134 100 146 147 109 114 157 81 105 55 104 46 86 140 13 40 17 70 109 91 14 86 127 73 74 69 110 178 113 11 101 67 115 78 90 118 118 49 97 102 109 125 105 64 116 152 116 52 147 101 64 87 103 161 134 122 135 29 119 111 32 60 141 69 
53 48 40 151 27 45 62 43 106 95 126 0 87 96 115 53 91 94 154 55 56 94 91 123 44 101 28 53 67 123 30 81 183 54 59 103 107 34 117 83 50 56 60 39 12 35 95 113 49 116 73 96 188 91 104 56 142 198 68 148 16 88 53 116 99 27 156 55 67 129 53 42 2 150 98 22 104 42 35 99 95 191 93 107 138 60 70 41 88 22 92 86 103 74 121 118 35 77 78 77 57 110 100 118 77 73 219 71 24 24 64 96 148 44 24 159 114 87 45 58 54 78 93 60 68 57 27 18 84 109 34 96 1 53 142 30 14 105 74 82 58 93 105 115 65 92 95 63 109 67 52 24 54 101 46 83 91 25 17 87 77 141 36 97 135 92 98 62 47 80 115 7 115 84 101 85 106 89 80 46 29 194 74 102 26 11 134 138 115 107 100 94 105 42 166 100 128 40 80 79 89 19 22 124 45 99 105 58 152 199 92 87 52 24 74 34 158 22 44 124 21 61 141 124 65 46 22 43 126 40 33 43 88 139 113 109 56 124 135 99 104 53 23 75 119 91 37 51 51 85 92 53 11 121 118 189 34 46 46 102 99 75 81 48 93 109 33 72 62 29 10 155 23 83 60 70 84 144 118 115 119 95 14 53 92 63 80 58 
35 40 128 113 115 47 67 100 69 57 54 87 0 42 56 51 54 61 116 31 37 58 5 37 75 15 59 33 25 37 103 62 97 31 27 17 92 61 51 28 88 31 25 67 99 50 22 75 37 37 18 13 102 44 18 78 56 112 70 110 71 35 104 34 60 65 70 78 19 82 66 53 87 185 59 62 65 85 50 28 130 105 14 68 102 26 15 67 102 77 44 59 65 11 35 32 69 36 117 41 79 147 61 32 104 24 133 35 61 68 101 58 62 73 60 120 79 48 48 144 89 40 51 65 154 31 76 67 50 38 50 133 84 31 56 116 99 60 22 91 26 21 70 78 28 9 21 98 92 101 32 61 53 16 57 53 55 59 77 48 8 79 86 13 97 58 184 91 82 29 77 88 77 79 49 113 68 35 43 43 56 156 160 63 58 96 48 100 76 72 43 60 68 127 81 52 42 125 25 69 59 65 63 52 39 38 67 46 115 113 38 36 72 89 60 103 72 85 68 63 67 56 106 75 94 60 106 107 54 78 117 41 51 53 49 24 91 85 59 15 49 63 71 36 68 31 87 42 34 120 57 138 73 43 153 104 75 40 49 63 65 17 42 62 54 70 65 13 75 112 76 70 107 48 23 34 50 106 79 68 80 81 79 71 67 51 101 27 
78 83 137 70 124 90 110 109 26 35 97 96 42 0 98 93 46 68 74 60 79 61 46 29 84 40 101 57 67 29 112 69 89 65 36 55 100 103 93 14 130 67 62 109 108 71 19 33 50 20 25 27 94 5 37 120 66 104 112 68 81 7 133 20 18 74 62 120 47 40 108 95 97 227 19 72 23 122 84 13 172 97 26 28 92 35 52 109 144 102 86 68 37 47 26 53 78 19 158 36 121 189 20 33 146 65 125 39 72 103 143 26 52 82 77 79 85 25 57 154 131 23 10 74 163 40 86 88 53 80 67 175 94 63 46 126 109 18 64 100 60 63 59 39 69 31 62 140 100 143 68 85 62 49 99 94 43 85 87 25 38 121 96 29 63 61 193 100 124 70 37 98 48 120 7 122 42 76 33 52 65 115 170 21 80 105 40 61 35 57 84 59 42 136 71 93 34 135 67 110 66 75 94 93 50 4 37 88 74 105 79 77 81 99 101 113 64 95 77 104 76 98 84 116 103 69 116 116 30 119 127 55 35 46 18 49 133 44 100 54 90 105 102 23 109 9 97 83 43 162 51 148 85 83 195 96 84 80 58 30 59 58 22 71 22 29 74 31 84 122 86 62 117 43 55 30 52 65 38 26 39 122 89 80 108 93 110 36 
62 67 155 170 142 70 53 127 126 114 11 115 56 98 0 61 110 115 172 60 57 114 52 78 104 59 86 62 48 78 131 102 112 61 69 43 127 79 5 84 114 59 54 75 126 79 78 131 66 93 73 69 74 100 60 59 33 85 47 166 100 91 131 90 116 94 59 59 51 138 61 71 116 130 115 91 121 112 78 84 75 98 70 124 158 73 46 72 46 105 21 106 121 50 79 45 98 92 135 96 57 118 117 65 50 40 106 90 90 95 109 114 115 102 89 176 134 104 78 173 81 96 107 95 183 75 105 95 105 18 79 120 112 60 110 144 127 116 39 121 55 35 125 134 47 65 35 75 130 50 61 89 83 47 67 30 110 87 106 104 59 27 115 68 153 113 212 121 79 32 133 116 133 30 105 143 124 23 99 73 85 212 189 119 86 124 77 156 132 127 13 115 124 155 122 12 74 153 33 34 109 94 92 13 68 94 123 55 171 87 19 24 101 118 39 132 55 114 97 12 96 51 161 19 123 89 135 136 110 103 146 70 107 58 105 48 75 141 23 42 7 59 98 92 12 87 116 62 63 67 112 167 102 13 99 77 104 67 79 119 120 39 98 91 110 126 94 66 105 141 105 54 136 103 53 89 105 162 135 124 136 26 108 100 22 49 130 69 
16 11 94 165 81 8 16 67 120 108 72 53 51 93 61 0 105 109 167 32 14 108 47 74 57 54 26 34 26 74 70 95 131 26 62 50 120 19 63 78 54 24 30 17 65 23 73 126 41 88 66 64 135 94 56 27 89 145 19 160 40 84 71 85 109 41 104 27 44 132 15 11 55 134 109 32 114 52 18 78 79 138 65 118 152 66 40 16 51 45 39 99 114 44 75 65 49 86 75 89 28 96 111 66 53 27 167 83 30 35 51 107 111 58 29 170 127 98 57 111 38 89 100 74 121 68 46 34 98 56 25 82 51 28 106 83 66 109 28 96 31 41 118 127 23 60 43 47 122 50 23 29 66 49 7 30 103 27 46 98 52 88 56 63 147 106 151 76 31 28 127 56 127 31 98 99 118 37 92 58 37 206 127 112 26 63 83 150 126 120 48 108 118 94 119 47 76 92 28 26 102 35 32 72 42 88 117 5 165 147 40 35 66 59 20 73 106 54 57 72 37 8 154 71 79 59 74 76 105 43 85 36 100 87 99 57 40 135 83 47 52 13 38 86 66 82 57 9 54 69 105 106 41 69 102 137 49 11 59 113 113 33 92 61 104 120 46 59 76 81 45 103 75 96 35 82 97 156 129 117 130 42 48 66 38 10 94 62 
89 94 89 59 103 101 121 61 23 11 109 91 54 46 110 105 0 21 63 71 91 14 57 75 47 54 112 69 79 75 65 23 135 77 41 67 53 115 105 35 141 79 74 121 100 82 46 29 61 66 36 48 140 41 57 132 95 150 124 57 74 38 144 66 38 63 108 132 58 78 120 107 90 239 26 76 36 133 95 49 184 143 44 18 48 36 63 121 156 112 97 21 12 59 72 71 54 27 169 13 133 201 43 69 158 77 171 19 79 114 155 19 98 45 87 69 38 20 45 112 143 23 42 29 116 34 62 98 6 92 78 187 90 74 92 81 92 53 75 53 71 75 16 25 81 46 74 152 53 155 79 95 36 62 111 106 3 96 72 20 50 133 53 50 45 14 146 53 136 82 25 83 26 132 50 75 17 88 13 44 65 104 124 36 90 79 86 49 45 18 96 12 17 109 117 105 79 102 79 122 19 78 104 105 60 50 16 99 63 151 91 89 37 65 113 67 110 67 45 116 68 109 52 128 56 43 80 69 75 129 81 66 10 90 63 64 145 42 112 67 102 116 112 23 121 41 52 95 47 174 5 103 93 96 207 142 55 91 43 16 14 70 23 41 23 31 55 43 38 76 80 107 79 6 66 20 6 54 33 63 41 134 75 36 120 104 64 39 
93 98 87 55 106 105 125 51 45 33 113 94 61 68 115 109 21 0 72 75 95 7 66 96 50 75 115 73 82 96 63 12 156 81 45 78 32 119 110 56 144 83 78 125 102 86 67 50 65 87 47 69 161 62 78 136 116 171 128 53 78 59 147 87 59 66 129 136 62 99 124 111 94 243 47 79 57 136 99 70 188 164 65 39 44 40 67 125 160 116 101 6 31 63 93 92 57 48 172 32 137 204 64 90 162 81 192 30 82 118 158 40 119 48 90 65 20 41 48 114 147 44 63 31 95 37 65 101 15 95 81 190 93 78 113 83 95 74 79 32 75 78 12 29 85 67 79 156 32 159 83 98 38 77 115 110 24 99 75 41 54 136 56 71 42 7 125 32 139 86 39 86 22 136 71 54 25 92 34 47 68 100 113 57 93 82 107 45 66 14 100 9 24 111 138 109 100 104 83 126 3 81 107 110 63 71 30 103 60 172 95 93 39 68 117 58 131 70 47 120 71 113 48 132 35 45 82 50 96 132 70 68 31 111 84 85 148 63 117 76 106 120 115 44 125 62 55 98 50 178 16 95 96 101 211 163 57 94 45 37 7 74 44 43 44 52 57 48 28 64 82 128 82 24 69 38 15 60 54 84 62 138 77 37 124 108 43 42 
152 157 148 64 166 164 184 112 48 59 171 154 116 74 172 167 63 72 0 134 153 65 120 96 109 114 175 131 141 96 124 73 88 139 103 129 104 177 167 87 204 141 136 183 162 144 93 40 123 79 98 101 138 70 111 194 140 103 186 33 137 79 206 81 55 125 116 194 120 33 182 169 153 301 55 138 49 196 157 86 246 96 100 46 94 98 125 183 218 175 159 72 51 121 93 127 116 78 232 75 195 263 53 106 220 139 125 81 141 176 217 57 57 107 149 7 88 65 107 175 205 74 63 92 167 96 124 160 68 154 140 249 152 136 62 144 154 55 137 104 133 137 62 42 143 105 136 214 103 217 141 157 98 123 173 168 61 158 134 65 112 195 116 102 65 65 197 104 198 144 37 145 51 194 65 126 46 150 72 106 127 42 175 50 152 141 96 55 37 61 158 63 46 171 71 167 98 164 141 184 70 140 166 167 122 76 46 161 13 105 153 151 100 128 175 120 118 130 108 178 130 171 88 190 107 105 143 120 61 191 132 128 64 114 66 123 207 28 174 128 164 178 174 77 183 82 115 157 109 236 59 157 155 157 269 127 117 153 105 50 63 132 71 103 58 43 117 104 89 127 142 119 142 68 128 81 67 11 34 46 32 196 137 98 182 166 114 101 
17 21 96 131 83 28 48 68 86 75 71 55 31 60 60 32 71 75 134 0 19 75 36 68 43 46 40 2 11 68 71 62 128 5 29 48 87 42 62 46 69 7 5 48 67 20 41 93 9 61 34 41 133 62 49 59 87 143 51 128 41 52 74 61 77 34 101 59 12 100 47 34 57 166 77 32 82 62 24 46 111 136 37 86 119 34 14 48 83 47 37 67 82 18 66 63 38 54 98 57 60 128 79 63 85 18 164 51 31 43 82 75 93 42 30 138 95 66 25 113 70 57 68 42 123 35 46 36 65 54 20 114 53 3 86 85 68 77 19 64 4 38 86 95 12 36 40 79 90 82 8 30 34 46 38 35 71 29 47 66 23 86 56 41 115 73 153 61 63 25 95 58 95 61 66 84 86 34 60 26 26 174 129 80 28 65 79 118 94 88 45 75 86 96 111 46 73 94 25 51 70 35 35 69 10 56 85 28 133 144 37 32 42 59 42 73 103 55 38 69 37 38 122 70 64 31 76 77 73 59 87 11 68 84 67 54 72 103 80 44 49 45 43 53 64 50 57 23 22 101 73 108 43 66 134 134 45 20 27 81 80 20 59 33 72 88 35 27 46 82 46 100 77 64 6 49 65 124 97 85 98 64 49 42 50 33 72 29 
4 9 97 151 84 11 30 69 106 95 69 56 37 79 57 14 91 95 153 19 0 94 34 66 46 44 28 21 12 66 73 81 126 13 48 46 106 24 60 65 57 11 17 31 68 21 59 112 28 74 53 50 131 81 47 41 85 141 33 147 42 71 74 71 96 36 99 41 31 119 29 17 58 148 96 33 101 54 20 65 93 134 51 105 138 53 26 30 65 47 35 86 101 30 64 61 40 73 80 76 42 110 98 61 67 16 162 70 32 37 65 94 97 46 31 157 114 85 44 114 52 76 87 61 124 54 47 37 84 52 22 96 54 15 92 86 69 96 17 83 18 36 105 114 9 46 38 61 109 64 11 31 53 44 21 27 90 29 48 85 39 84 57 50 134 92 154 65 45 23 114 58 114 42 85 87 105 32 79 45 28 193 130 99 28 66 77 137 113 107 43 94 105 97 109 44 71 95 23 31 89 36 34 67 29 75 104 10 152 142 35 30 54 60 24 74 101 56 46 67 38 19 141 68 68 47 77 78 91 46 88 23 87 82 86 52 54 122 78 42 47 27 40 72 62 68 58 5 41 83 92 109 44 64 116 132 47 9 46 100 99 20 78 49 91 107 37 46 64 83 47 98 78 83 22 68 84 143 116 104 117 45 50 55 36 15 83 48 
93 97 88 55 106 104 124 51 38 26 113 94 58 61 114 108 14 7 65 75 94 0 61 89 50 68 115 73 83 89 63 12 149 80 45 72 39 117 109 49 144 82 78 123 102 86 60 43 65 80 40 62 154 55 71 134 109 164 126 53 78 52 147 80 52 66 122 134 62 92 122 109 94 241 40 79 50 136 99 63 186 157 58 32 44 40 67 123 158 116 101 7 24 63 86 85 57 41 172 25 135 203 57 83 160 81 185 23 82 118 157 33 112 48 90 65 23 34 48 114 145 37 56 32 102 38 65 101 8 96 81 189 93 78 106 83 95 67 79 39 75 79 12 23 85 60 78 154 38 157 83 98 39 71 113 110 17 99 75 34 54 137 57 64 41 0 132 39 138 86 33 86 22 136 64 61 18 92 27 48 68 100 114 50 93 82 100 45 59 14 100 2 18 111 131 109 93 104 83 125 5 81 107 109 63 64 23 103 60 165 95 93 40 69 117 59 124 71 48 120 71 113 48 132 42 46 83 55 89 132 71 69 24 104 77 78 147 56 116 71 106 120 115 37 125 55 56 98 51 176 9 96 96 100 209 156 58 95 46 30 7 74 37 44 37 45 58 47 29 65 83 121 83 17 70 30 8 54 47 77 55 138 78 38 124 108 50 43 
38 43 131 117 118 46 64 103 72 61 50 91 5 46 52 47 57 66 120 36 34 61 0 32 79 10 62 38 24 32 107 67 92 36 32 12 97 58 47 32 91 35 30 64 102 55 26 79 42 41 21 17 97 48 13 74 51 107 66 114 76 39 108 38 64 70 65 74 24 86 62 51 92 181 63 67 69 88 54 32 126 100 18 72 105 31 20 63 98 81 40 64 69 16 30 27 74 40 114 44 75 143 65 27 100 20 128 38 66 71 98 62 64 78 65 124 84 52 53 148 85 44 55 70 158 36 81 71 53 34 55 129 88 36 59 120 103 64 19 96 31 17 73 82 25 13 17 94 97 97 37 65 58 11 54 49 58 63 82 52 13 75 91 17 101 61 188 96 78 25 81 92 81 75 53 118 72 31 47 48 61 160 164 67 62 100 43 104 80 75 39 63 72 131 76 48 37 129 22 65 64 70 68 48 44 42 71 43 119 108 34 32 77 94 56 108 67 90 73 59 72 53 109 71 99 65 111 112 58 80 122 46 55 48 53 19 87 89 55 10 45 60 74 40 64 35 92 39 39 116 60 143 78 39 149 99 80 43 54 67 68 15 46 67 58 74 70 18 80 117 81 65 112 51 28 37 53 110 83 72 84 77 84 76 63 48 106 32 
70 75 163 93 150 78 89 135 53 64 76 123 37 29 78 74 75 96 96 68 66 89 32 0 111 22 94 70 56 0 139 98 60 68 64 33 128 90 72 41 123 67 62 90 134 87 29 55 74 16 51 27 65 34 19 100 45 75 92 90 108 36 140 13 40 102 33 100 56 62 88 81 124 207 48 99 45 120 86 25 152 68 30 57 121 63 52 90 124 113 65 96 66 48 2 32 106 48 146 64 101 169 41 11 126 49 96 67 98 103 124 55 39 110 97 101 112 54 85 180 111 52 32 102 190 68 113 103 81 59 87 155 120 68 33 152 135 39 48 128 63 42 88 68 56 30 41 120 127 123 69 97 90 29 81 73 71 95 114 54 44 100 123 25 92 89 220 128 105 50 59 124 77 100 28 150 71 55 62 80 93 137 196 43 94 132 11 83 57 86 63 87 71 163 45 72 5 161 47 89 94 102 100 72 76 24 66 69 96 76 58 56 109 126 80 140 35 122 105 83 104 77 113 95 131 97 143 144 33 112 154 78 64 20 28 28 113 66 79 34 69 85 106 51 88 32 124 71 71 142 80 175 110 63 175 67 112 75 86 59 88 47 50 99 50 51 102 49 112 149 113 33 144 71 60 59 80 87 60 47 61 101 116 108 87 73 138 64 
42 46 52 106 55 53 73 24 62 50 115 44 75 84 104 57 47 50 109 43 46 50 79 111 0 89 65 41 54 111 28 37 171 43 47 91 63 67 105 71 94 44 48 73 52 35 83 68 37 104 61 84 176 79 92 84 130 186 76 103 27 76 97 104 77 15 144 84 55 117 72 59 43 191 65 28 75 86 48 87 136 179 80 63 94 48 57 73 108 65 80 42 59 61 109 106 7 64 122 47 85 153 82 106 110 61 207 43 31 67 107 57 136 1 39 115 70 57 25 71 95 59 80 17 80 42 15 50 41 97 30 139 42 42 129 42 45 92 62 39 47 81 62 72 55 79 83 104 66 107 41 47 19 89 63 73 48 48 25 57 65 129 13 84 91 49 110 19 88 68 72 36 72 86 88 42 63 77 48 28 18 150 87 73 42 32 122 95 83 64 88 51 62 62 154 89 116 55 68 76 45 30 56 112 34 87 62 54 109 187 80 75 9 19 68 31 146 20 4 112 21 63 98 113 22 11 34 34 114 81 45 31 48 127 101 97 97 81 123 87 92 69 64 59 107 78 14 48 38 126 49 65 45 109 159 177 8 44 22 59 56 63 60 9 60 70 9 60 19 40 33 143 35 40 48 50 41 101 74 102 79 89 28 10 82 59 37 45 
48 53 141 110 128 56 70 113 66 55 57 101 15 40 59 54 54 75 114 46 44 68 10 22 89 0 72 48 34 22 117 77 82 46 42 14 107 67 53 26 101 45 40 71 112 65 20 73 52 35 29 12 87 43 3 81 41 97 73 108 86 33 118 32 58 80 55 81 34 80 69 59 102 188 58 77 63 98 64 26 133 90 13 67 101 41 30 70 105 91 46 74 63 26 21 18 84 35 123 43 82 150 60 17 107 27 118 46 76 81 105 56 58 88 75 119 91 47 63 158 92 38 49 80 168 46 91 81 60 40 65 136 98 46 53 130 113 58 26 106 41 23 68 76 34 8 22 101 106 104 47 75 68 10 61 54 53 73 92 47 23 81 101 10 96 68 198 106 85 31 76 102 76 81 47 128 67 36 42 58 71 155 174 61 72 110 33 99 75 70 44 66 67 141 66 53 27 139 28 70 73 80 78 53 54 36 66 50 114 98 39 37 87 104 61 118 57 100 83 64 82 58 104 76 109 75 121 122 52 90 132 56 49 38 47 10 94 84 60 15 50 66 84 35 69 30 102 49 49 123 59 153 88 44 156 89 90 53 64 62 68 25 41 77 53 69 80 28 90 127 91 55 122 50 38 38 59 105 78 66 79 82 94 86 68 54 116 42 
25 19 68 172 55 18 33 64 127 116 97 28 59 101 86 26 112 115 175 40 28 115 62 94 65 72 0 42 38 94 52 102 154 34 69 74 127 6 88 86 30 32 38 11 40 29 81 133 49 96 74 72 159 102 75 27 113 169 39 168 37 92 45 93 117 48 127 27 52 140 25 14 30 129 117 35 122 26 16 86 74 162 73 126 159 74 48 13 60 19 63 107 122 52 92 89 56 94 59 97 29 90 119 89 49 44 190 91 32 9 45 115 121 65 23 178 135 106 65 86 33 97 108 81 96 75 48 12 105 80 33 77 27 36 115 58 42 117 45 103 39 64 126 135 37 68 66 42 130 46 31 15 74 72 18 55 111 14 38 106 60 112 57 71 155 113 126 83 26 51 135 31 135 56 106 106 126 60 100 66 45 214 102 120 19 39 105 158 134 128 71 115 126 70 137 72 99 68 51 51 110 32 6 95 50 96 125 30 173 170 63 58 73 46 46 56 129 43 65 95 41 33 162 96 86 67 50 65 113 20 61 44 108 110 107 80 35 143 106 70 75 25 12 93 90 90 58 23 62 64 113 81 18 92 97 160 54 19 67 121 120 47 99 68 112 128 54 67 83 57 30 126 50 103 43 89 105 164 137 125 138 67 34 74 64 35 101 69 
19 23 94 128 80 30 50 65 84 72 73 53 33 57 62 34 69 73 131 2 21 73 38 70 41 48 42 0 13 70 69 60 130 7 27 50 85 44 64 43 71 9 7 50 65 18 43 90 7 63 32 43 135 60 51 61 89 145 53 125 39 50 75 63 75 32 103 61 14 97 49 36 55 168 75 30 80 64 26 47 113 138 39 84 117 32 16 50 85 45 39 65 80 20 68 65 36 52 100 55 62 130 77 65 87 20 166 49 29 45 84 73 95 39 28 136 93 64 23 111 72 55 66 40 121 33 44 34 63 56 18 116 51 5 88 83 66 75 21 62 6 40 84 93 14 38 42 81 88 84 10 28 32 48 40 37 69 28 45 64 25 88 54 43 113 71 151 59 65 27 93 56 93 63 64 81 84 36 58 24 24 172 127 78 26 63 81 116 92 86 47 73 84 94 113 48 75 92 27 52 68 33 37 71 8 54 83 30 131 146 39 34 40 57 44 71 105 53 36 71 35 40 120 72 61 29 74 75 74 61 85 9 66 86 66 56 74 101 82 46 51 47 45 51 66 47 55 25 20 103 71 106 41 68 136 136 43 22 25 79 78 22 57 31 70 86 33 25 44 80 44 102 75 62 8 47 63 122 95 83 96 66 47 40 52 35 70 27 
14 19 107 138 94 23 42 79 94 82 59 67 25 67 48 26 79 82 141 11 12 83 24 56 54 34 38 13 0 56 82 69 116 12 37 36 95 36 50 53 67 11 6 43 78 31 47 100 18 62 42 38 121 69 37 53 75 131 45 135 52 60 83 59 85 45 89 53 19 107 41 29 68 160 84 43 90 64 30 53 105 124 39 93 126 41 14 42 77 57 26 74 90 18 54 51 49 61 92 64 54 122 86 51 79 7 152 58 42 47 77 83 85 52 41 145 102 73 34 124 64 64 76 50 134 43 57 47 73 43 31 108 64 12 80 96 79 85 8 74 7 27 93 103 3 34 29 73 98 76 13 41 42 35 33 28 78 39 58 73 27 75 67 38 122 81 164 72 57 14 102 68 102 54 74 94 93 23 67 34 37 181 140 88 38 76 67 125 101 95 34 83 93 107 100 35 61 105 14 43 77 46 44 58 20 63 92 22 140 132 26 21 53 70 36 84 91 66 49 58 48 31 129 59 74 41 87 88 79 57 98 22 75 72 74 43 66 110 69 33 38 39 50 61 53 56 68 17 30 95 80 119 54 55 128 123 56 19 35 88 88 9 67 43 79 95 46 34 57 93 57 89 88 71 11 57 73 131 104 93 105 57 60 52 43 27 82 37 
70 75 163 93 150 78 89 135 53 64 76 123 37 29 78 74 75 96 96 68 66 89 32 0 111 22 94 70 56 0 138 98 59 68 64 33 128 89 72 41 123 67 62 90 134 87 29 55 74 15 51 27 64 34 19 100 45 74 92 89 108 36 139 13 40 101 32 100 56 61 88 81 124 207 48 99 45 120 86 25 152 67 30 57 121 63 52 90 124 113 65 96 66 48 2 32 105 48 145 64 101 169 41 11 126 49 95 67 98 103 124 55 39 108 97 100 112 54 85 180 111 52 32 102 190 68 113 103 81 59 87 155 120 68 33 152 135 39 48 128 63 42 88 68 56 30 41 120 127 123 69 97 90 29 81 73 71 95 114 54 44 100 123 25 92 89 220 128 105 50 59 124 77 100 28 150 71 55 62 80 93 136 196 43 94 132 11 83 57 86 63 87 71 163 45 72 5 161 47 89 94 102 100 72 76 24 66 69 96 75 58 56 109 126 80 140 35 122 105 83 104 77 113 95 130 97 143 144 33 112 154 78 64 20 28 28 113 66 79 34 69 85 106 51 88 32 124 71 71 142 80 175 110 63 175 67 112 75 86 59 88 47 50 99 50 51 102 49 112 149 113 33 144 71 60 59 80 87 60 47 61 101 116 108 87 73 138 64 
70 64 24 119 42 62 79 12 89 77 142 30 103 112 131 70 65 63 124 71 73 63 107 139 28 117 52 69 82 138 0 51 197 71 75 118 76 56 132 99 80 72 76 63 39 51 111 94 65 131 89 112 202 106 119 74 157 212 85 116 30 103 83 131 103 37 170 74 83 143 70 60 30 180 91 39 101 72 52 114 125 205 108 83 107 76 85 63 106 52 108 56 75 89 136 133 33 92 108 75 76 140 108 133 101 89 233 71 40 54 94 84 163 29 41 128 83 85 53 51 84 87 107 37 52 70 24 40 58 125 51 126 30 70 157 20 32 118 90 52 75 109 75 86 82 107 111 93 79 97 69 41 47 117 63 100 68 42 23 85 93 157 14 112 104 63 82 31 77 96 86 24 85 101 115 54 77 105 76 56 45 163 59 101 43 19 149 108 110 77 116 65 77 48 182 117 143 41 96 96 59 34 46 140 61 115 77 75 123 213 108 103 29 11 90 4 173 15 32 140 33 78 111 141 34 39 20 13 140 70 17 59 75 154 128 125 86 107 151 115 120 70 53 87 135 106 13 68 66 115 64 38 34 137 148 205 25 62 50 81 70 91 88 37 88 96 35 88 34 12 25 171 20 67 76 78 58 115 98 128 106 112 21 29 108 80 49 73 
80 84 75 68 93 91 111 39 46 34 103 81 62 69 102 95 23 12 73 62 81 12 67 98 37 77 102 60 69 98 51 0 157 67 34 79 31 104 97 58 131 69 65 110 89 72 69 52 52 89 48 71 162 64 80 121 118 172 113 65 64 61 134 89 61 52 130 121 50 101 109 96 80 228 49 65 59 123 85 72 173 165 67 41 56 35 55 110 145 102 89 5 32 51 95 94 44 50 159 34 122 190 66 92 147 69 193 31 68 104 144 42 121 36 76 77 32 43 36 102 132 46 65 20 94 30 52 87 16 87 67 176 79 65 115 71 82 76 67 31 63 71 24 35 72 69 73 141 31 144 70 84 27 78 100 97 26 85 62 43 53 125 44 73 53 12 124 31 125 74 41 73 34 123 73 53 26 81 36 36 55 112 101 59 79 69 109 57 68 26 88 14 26 99 140 97 102 92 71 112 8 67 93 104 51 73 31 90 72 173 83 81 27 56 104 47 133 57 35 109 58 100 60 120 34 34 71 48 98 118 59 57 33 113 86 86 134 65 115 77 94 106 101 46 113 64 43 85 40 163 18 84 82 100 196 165 45 81 34 38 19 62 46 32 46 54 45 48 17 54 70 130 70 26 58 39 16 64 56 86 64 126 65 26 112 95 42 34 
130 135 223 152 210 138 125 195 113 124 110 183 97 89 112 131 135 156 88 128 126 149 92 60 171 82 154 130 116 59 197 157 0 127 123 81 187 148 106 100 182 126 121 147 193 146 88 107 133 68 110 86 75 93 78 136 78 27 127 121 167 95 198 69 96 160 53 135 115 57 133 140 183 242 107 158 98 179 145 84 187 14 89 116 180 122 111 144 158 172 100 155 125 107 61 67 164 107 204 123 137 204 92 65 162 108 39 126 157 162 181 114 36 167 156 95 171 113 144 239 154 111 91 161 249 127 172 162 140 94 146 193 179 127 42 211 194 80 107 187 122 90 147 127 115 89 88 156 186 159 128 156 149 82 138 109 130 154 173 113 103 134 182 84 151 148 279 187 151 103 118 183 136 135 84 209 130 94 121 139 152 112 255 98 153 191 48 142 89 145 99 146 130 222 17 109 54 220 102 125 153 161 159 106 135 83 125 125 101 25 94 95 168 185 117 199 56 181 164 117 163 123 172 129 189 156 202 203 57 171 213 137 123 54 69 74 150 92 113 83 105 131 165 110 122 91 183 130 130 178 139 234 169 97 210 63 171 134 145 118 147 106 109 158 109 102 161 108 171 208 172 57 203 130 119 118 139 98 101 69 93 137 175 167 124 120 197 123 
11 15 95 136 82 22 42 67 92 80 72 54 31 65 61 26 77 81 139 5 13 80 36 68 43 46 34 7 12 68 71 67 127 0 34 48 92 36 62 50 63 2 6 42 66 19 46 97 14 63 39 42 132 67 49 53 87 142 45 132 40 57 72 62 82 33 100 53 17 104 41 28 56 160 82 31 87 57 19 51 105 135 39 91 123 39 16 42 77 46 38 72 87 20 66 63 37 59 92 62 54 122 84 63 79 19 163 56 30 38 76 80 93 41 29 143 99 71 30 112 64 62 73 47 122 40 45 35 70 55 19 108 52 2 87 84 67 82 20 69 5 39 91 100 13 38 41 73 95 76 3 30 39 47 32 31 76 28 46 71 26 87 55 43 120 78 152 61 57 26 100 57 100 55 71 83 91 35 65 31 25 179 128 85 27 64 79 123 99 93 46 80 91 95 112 47 73 93 26 44 75 34 33 70 15 61 90 23 138 143 38 33 41 58 37 72 103 54 37 70 36 32 127 71 63 33 75 76 78 53 86 10 73 84 72 55 66 108 81 45 50 39 40 58 65 54 56 18 27 95 78 107 42 67 128 135 44 15 32 86 85 21 64 35 77 93 34 32 50 81 45 101 76 69 9 54 70 129 102 90 103 58 48 42 45 28 71 34 
47 51 99 100 86 58 78 71 56 44 69 59 27 36 69 62 41 45 103 29 48 45 32 64 47 42 69 27 37 64 75 34 123 34 0 44 65 70 64 24 97 36 32 76 71 41 36 62 20 56 14 37 128 32 45 87 83 138 79 97 44 29 102 56 48 37 96 87 17 70 75 62 60 194 47 36 53 91 53 40 139 131 33 56 89 4 22 76 111 72 56 37 53 18 62 59 41 24 126 27 88 156 49 59 113 36 159 21 38 72 110 46 88 45 46 108 65 36 21 117 98 27 39 38 127 5 49 57 35 53 36 142 57 32 82 89 72 48 34 64 30 37 56 66 40 34 39 107 65 110 37 54 26 43 66 64 41 55 50 36 19 92 59 39 85 43 157 64 91 41 65 61 65 89 42 86 56 48 30 17 29 144 133 51 49 69 75 88 64 58 55 45 56 100 107 64 69 98 38 78 40 39 63 70 19 40 55 57 103 139 50 48 45 63 71 77 99 58 41 76 40 66 92 87 67 33 79 80 66 87 90 25 38 80 54 51 100 73 81 42 61 73 71 23 80 32 60 52 7 129 43 111 52 66 162 131 48 49 23 51 50 29 29 35 42 58 38 14 48 86 50 97 80 34 25 19 35 94 67 57 68 92 53 44 79 62 74 0 
50 55 143 125 130 58 55 115 81 70 41 103 17 55 43 50 67 78 129 48 46 72 12 33 91 14 74 50 36 33 118 79 81 48 44 0 109 69 38 40 103 47 42 66 114 67 34 87 54 48 32 26 86 57 16 66 39 95 58 122 88 47 119 46 72 81 54 66 36 94 55 61 104 173 72 79 77 100 66 40 118 88 27 81 115 43 32 63 89 93 31 76 77 28 35 15 85 49 125 54 68 135 74 22 93 29 117 49 78 83 100 70 72 88 77 133 95 61 65 160 78 52 63 82 170 48 93 83 64 25 67 122 100 48 66 132 115 72 28 108 43 9 82 90 36 22 8 87 109 90 49 77 70 4 57 40 67 75 94 61 25 66 103 24 110 72 200 108 71 22 90 104 90 67 61 130 81 22 56 60 73 169 176 75 74 112 34 113 89 84 30 74 81 143 78 39 31 141 22 56 76 82 80 39 56 50 80 45 128 97 25 23 89 106 47 120 56 102 85 50 84 44 118 62 110 77 123 124 66 92 134 58 63 37 61 7 80 98 46 3 36 52 86 49 55 44 104 51 51 109 70 155 90 30 142 88 92 55 66 76 78 27 55 79 67 83 82 30 92 129 93 54 124 61 40 46 64 119 92 80 93 68 96 88 54 40 118 44 
105 109 100 43 118 116 136 64 77 65 134 107 92 100 127 120 53 32 104 87 106 39 97 128 63 107 127 85 95 128 76 31 187 92 65 109 0 128 126 88 155 94 90 134 115 98 99 82 78 119 79 101 192 94 110 145 148 202 137 70 90 91 159 119 91 78 160 145 76 131 133 120 106 252 79 91 89 148 111 102 197 195 97 71 32 65 81 134 169 128 115 32 63 82 125 124 70 80 184 64 146 214 96 122 171 95 223 61 94 130 168 72 151 61 102 96 15 73 61 127 156 76 95 45 92 61 78 113 46 118 93 200 105 90 145 96 108 106 93 23 88 102 41 61 98 99 104 165 3 168 95 110 52 108 124 122 56 111 88 73 83 151 69 103 38 38 94 43 149 100 71 99 52 147 103 23 57 106 66 61 81 88 126 89 105 95 139 48 98 42 115 40 56 124 170 123 132 117 96 136 33 93 119 135 76 103 62 115 89 203 109 107 52 81 129 71 163 83 60 136 84 124 37 146 39 59 95 61 128 144 82 82 63 143 116 116 158 95 146 107 120 131 127 76 139 94 67 110 65 187 47 107 108 130 220 195 70 107 59 69 39 88 76 57 76 84 70 79 42 75 95 160 94 56 84 69 46 92 86 116 94 150 90 51 137 120 24 65 
26 21 74 174 61 14 26 68 130 118 90 34 61 103 79 19 115 119 177 42 24 117 58 90 67 67 6 44 36 89 56 104 148 36 70 69 128 0 82 86 35 34 40 7 46 32 82 132 50 98 75 74 153 102 70 21 108 163 32 167 40 93 51 95 118 51 121 20 53 140 18 8 36 125 117 38 123 32 19 87 70 156 75 126 159 74 50 7 54 25 57 107 123 54 88 84 59 94 56 97 23 87 119 84 45 40 184 91 35 15 41 116 121 68 26 178 135 106 66 92 29 97 109 83 102 75 51 16 105 74 35 73 33 38 116 64 48 118 41 105 41 60 126 136 33 70 62 38 131 42 33 18 75 68 12 49 111 18 42 106 62 106 61 73 155 113 132 86 22 47 135 37 135 50 107 109 126 56 100 67 47 214 108 121 22 45 100 158 134 128 67 115 126 76 133 66 94 74 47 44 110 35 12 91 51 97 125 24 173 164 59 54 76 49 39 60 124 47 67 91 44 27 162 90 89 69 56 69 114 24 67 46 108 105 108 76 31 143 102 66 71 19 18 93 85 90 61 19 63 60 113 87 23 88 93 156 57 21 68 121 120 44 99 71 112 128 56 68 86 63 34 122 56 104 45 89 105 164 137 126 138 61 38 76 57 29 104 70 
64 69 157 164 144 72 56 129 120 109 8 117 51 93 5 63 105 110 167 62 60 109 47 72 105 53 88 64 50 72 132 97 106 62 64 38 126 82 0 78 117 61 56 78 128 81 72 125 68 86 68 64 72 95 54 61 27 83 49 160 102 85 133 84 110 95 53 61 51 132 64 74 118 135 110 93 115 114 80 78 80 92 65 119 152 68 48 74 51 107 23 101 115 46 73 39 99 87 137 91 59 120 112 60 55 42 103 85 92 97 111 108 110 102 91 171 129 99 80 174 83 90 101 97 184 69 107 97 99 13 81 122 114 62 104 146 129 110 41 123 57 30 120 128 49 60 30 77 127 53 63 91 85 42 70 32 105 89 108 99 55 28 117 62 148 107 214 122 81 34 128 118 128 32 99 144 119 25 94 75 87 207 190 113 88 126 72 151 127 122 14 109 119 157 116 14 69 155 35 36 104 96 94 10 70 88 118 57 166 84 21 26 103 120 41 134 49 116 99 12 98 53 156 24 124 91 137 138 104 105 148 72 101 52 99 43 77 136 21 37 9 61 100 87 17 82 118 64 65 72 107 169 104 8 104 75 106 69 81 114 114 41 93 93 105 121 96 61 107 143 107 49 138 98 55 83 99 157 130 118 131 31 110 102 24 51 132 64 
63 67 123 84 110 74 94 95 40 28 82 83 28 14 84 78 35 56 87 46 65 49 32 41 71 26 86 43 53 41 99 58 100 50 24 40 88 86 78 0 113 52 48 92 95 57 12 46 36 33 11 14 105 16 24 103 61 115 95 81 68 7 118 32 32 61 73 103 33 54 91 78 84 210 31 60 37 107 69 16 155 108 13 40 81 24 38 92 127 88 71 56 37 34 39 40 65 9 142 24 104 172 34 36 129 52 136 27 60 88 126 30 65 69 63 92 72 21 45 141 114 12 23 62 151 29 73 74 41 65 53 158 81 48 58 113 96 32 50 88 46 49 48 50 56 18 48 123 87 126 53 71 50 36 82 80 31 71 74 21 25 106 83 16 70 49 181 88 107 57 49 85 50 105 21 110 41 62 22 41 53 128 157 35 66 93 52 73 49 47 70 47 41 124 84 79 46 122 53 94 54 63 80 79 38 16 40 73 87 116 65 63 69 87 87 101 76 82 65 90 64 82 79 102 91 57 103 104 43 103 114 41 24 57 30 36 116 58 86 41 76 89 88 11 95 8 84 68 31 145 40 135 73 70 178 108 72 65 47 36 49 45 15 59 27 43 62 18 72 110 74 74 104 31 41 19 40 78 52 40 53 108 77 68 94 78 98 24 
53 48 58 201 39 46 61 93 157 145 125 50 88 130 114 54 141 144 204 69 57 144 91 123 94 101 30 71 67 123 80 131 182 63 97 103 155 35 117 113 0 61 67 39 42 59 109 159 77 125 102 101 187 129 104 56 142 197 67 194 66 120 17 122 145 77 155 55 80 167 53 43 50 99 144 65 150 7 45 114 58 190 102 153 186 101 77 42 89 27 92 134 150 81 121 118 85 121 29 124 58 61 146 118 77 73 218 118 61 26 15 143 150 94 52 205 162 133 93 58 33 124 136 110 69 102 77 40 132 109 61 47 50 65 144 61 48 145 74 132 68 93 153 163 66 97 95 41 158 66 60 44 102 101 47 84 138 43 67 133 89 141 86 100 182 140 99 111 35 80 162 56 162 85 134 134 153 89 127 94 73 241 74 148 48 61 134 185 161 155 100 142 153 42 166 101 128 41 80 79 137 61 34 124 78 124 152 59 200 198 92 87 102 74 74 84 158 72 93 124 70 62 189 125 114 95 60 93 141 11 73 72 135 139 135 109 39 170 135 99 104 54 27 120 119 117 87 52 90 63 140 55 46 121 69 189 83 48 95 148 147 76 126 97 139 155 82 95 112 79 58 155 60 131 72 116 132 191 164 153 165 96 62 102 92 64 129 97 
